1,4.152672,-4.656489,-3.572519
2,4.183206,-4.473282,-3.633588
3,4.183206,-4.473282,-3.633588
4,4.183206,-4.473282,-3.633588
5,4.183206,-4.473282,-3.633588
6,4.183206,-4.473282,-3.633588
7,4.183206,-4.473282,-3.633588
8,4.183206,-4.473282,-3.633588
9,4.183206,-4.473282,-3.633588
10,4.259542,-4.610687,-3.603053
11,4.259542,-4.610687,-3.603053
12,4.259542,-4.610687,-3.603053
13,4.259542,-4.610687,-3.603053
14,4.259542,-4.610687,-3.603053
15,4.259542,-4.610687,-3.603053
16,4.259542,-4.610687,-3.603053
17,4.259542,-4.610687,-3.603053
18,4.244275,-4.625954,-3.465649
19,4.244275,-4.625954,-3.465649
20,4.244275,-4.625954,-3.465649
21,4.244275,-4.625954,-3.465649
22,4.244275,-4.625954,-3.465649
23,4.244275,-4.625954,-3.465649
24,4.244275,-4.625954,-3.465649
25,4.244275,-4.625954,-3.465649
26,4.229008,-4.488550,-3.083969
27,4.229008,-4.488550,-3.083969
28,4.229008,-4.488550,-3.083969
29,4.229008,-4.488550,-3.083969
30,4.229008,-4.488550,-3.083969
31,4.229008,-4.488550,-3.083969
32,4.229008,-4.488550,-3.083969
33,4.229008,-4.488550,-3.083969
34,4.229008,-4.488550,-3.083969
35,4.366412,-4.427481,-2.961832
36,4.366412,-4.427481,-2.961832
37,4.366412,-4.427481,-2.961832
38,4.366412,-4.427481,-2.961832
39,4.366412,-4.427481,-2.961832
40,4.366412,-4.427481,-2.961832
41,4.366412,-4.427481,-2.961832
42,4.366412,-4.427481,-2.961832
43,4.503817,-4.335878,-3.038168
44,4.503817,-4.335878,-3.038168
45,4.503817,-4.335878,-3.038168
46,4.503817,-4.335878,-3.038168
47,4.503817,-4.335878,-3.038168
48,4.503817,-4.335878,-3.038168
49,4.503817,-4.335878,-3.038168
50,4.503817,-4.335878,-3.038168
51,4.412214,-4.305344,-3.145038
52,4.412214,-4.305344,-3.145038
53,4.412214,-4.305344,-3.145038
54,4.412214,-4.305344,-3.145038
55,4.412214,-4.305344,-3.145038
56,4.412214,-4.305344,-3.145038
57,4.412214,-4.305344,-3.145038
58,4.412214,-4.305344,-3.145038
59,4.442748,-4.717557,-3.786260
60,4.442748,-4.717557,-3.786260
61,4.442748,-4.717557,-3.786260
62,4.442748,-4.717557,-3.786260
63,4.442748,-4.717557,-3.786260
64,4.442748,-4.717557,-3.786260
65,4.442748,-4.717557,-3.786260
66,4.442748,-4.717557,-3.786260
67,4.442748,-4.824427,-4.091603
68,4.442748,-4.824427,-4.091603
69,4.442748,-4.824427,-4.091603
70,4.442748,-4.824427,-4.091603
71,4.442748,-4.824427,-4.091603
72,4.442748,-4.824427,-4.091603
73,4.442748,-4.824427,-4.091603
74,4.442748,-4.824427,-4.091603
75,4.549618,-4.748092,-4.549618
76,4.549618,-4.748092,-4.549618
77,4.549618,-4.748092,-4.549618
78,4.549618,-4.748092,-4.549618
79,4.549618,-4.748092,-4.549618
80,4.549618,-4.748092,-4.549618
81,4.549618,-4.748092,-4.549618
82,4.549618,-4.748092,-4.549618
83,4.717557,-4.748092,-3.511450
84,4.717557,-4.748092,-3.511450
85,4.717557,-4.748092,-3.511450
86,4.717557,-4.748092,-3.511450
87,4.717557,-4.748092,-3.511450
88,4.717557,-4.748092,-3.511450
89,4.717557,-4.748092,-3.511450
90,4.717557,-4.748092,-3.511450
91,4.717557,-4.748092,-3.511450
92,4.519084,-4.274809,-3.832061
93,4.519084,-4.274809,-3.832061
94,4.519084,-4.274809,-3.832061
95,4.519084,-4.274809,-3.832061
96,4.519084,-4.274809,-3.832061
97,4.519084,-4.274809,-3.832061
98,4.519084,-4.274809,-3.832061
99,4.519084,-4.274809,-3.832061
100,4.610687,-4.458015,-2.809160
101,4.610687,-4.458015,-2.809160
102,4.610687,-4.458015,-2.809160
103,4.610687,-4.458015,-2.809160
104,4.610687,-4.458015,-2.809160
105,4.610687,-4.458015,-2.809160
106,4.610687,-4.458015,-2.809160
107,4.610687,-4.458015,-2.809160
108,4.503817,-3.755725,-2.351145
109,4.503817,-3.755725,-2.351145
110,4.503817,-3.755725,-2.351145
111,4.503817,-3.755725,-2.351145
112,4.503817,-3.755725,-2.351145
113,4.503817,-3.755725,-2.351145
114,4.503817,-3.755725,-2.351145
115,4.503817,-3.755725,-2.351145
116,4.412214,-4.396947,-3.022901
117,4.412214,-4.396947,-3.022901
118,4.412214,-4.396947,-3.022901
119,4.412214,-4.396947,-3.022901
120,4.412214,-4.396947,-3.022901
121,4.412214,-4.396947,-3.022901
122,4.412214,-4.396947,-3.022901
123,4.412214,-4.396947,-3.022901
124,4.198473,-4.549618,-3.099237
125,4.198473,-4.549618,-3.099237
126,4.198473,-4.549618,-3.099237
127,4.198473,-4.549618,-3.099237
128,4.198473,-4.549618,-3.099237
129,4.198473,-4.549618,-3.099237
130,4.198473,-4.549618,-3.099237
131,4.198473,-4.549618,-3.099237
132,4.473282,-4.778626,-4.244275
133,4.473282,-4.778626,-4.244275
134,4.473282,-4.778626,-4.244275
135,4.473282,-4.778626,-4.244275
136,4.473282,-4.778626,-4.244275
137,4.473282,-4.778626,-4.244275
138,4.473282,-4.778626,-4.244275
139,4.473282,-4.778626,-4.244275
140,4.229008,-4.732824,-3.343511
141,4.229008,-4.732824,-3.343511
142,4.229008,-4.732824,-3.343511
143,4.229008,-4.732824,-3.343511
144,4.229008,-4.732824,-3.343511
145,4.229008,-4.732824,-3.343511
146,4.229008,-4.732824,-3.343511
147,4.229008,-4.732824,-3.343511
148,4.229008,-4.732824,-3.343511
149,4.091603,-4.610687,-4.198473
150,4.091603,-4.610687,-4.198473
151,4.091603,-4.610687,-4.198473
152,4.091603,-4.610687,-4.198473
153,4.091603,-4.610687,-4.198473
154,4.091603,-4.610687,-4.198473
155,4.091603,-4.610687,-4.198473
156,4.091603,-4.610687,-4.198473
157,4.259542,-4.503817,-2.916031
158,4.259542,-4.503817,-2.916031
159,4.259542,-4.503817,-2.916031
160,4.259542,-4.503817,-2.916031
161,4.259542,-4.503817,-2.916031
162,4.259542,-4.503817,-2.916031
163,4.259542,-4.503817,-2.916031
164,4.259542,-4.503817,-2.916031
165,4.015267,-4.458015,-3.618321
166,4.015267,-4.458015,-3.618321
167,4.015267,-4.458015,-3.618321
168,4.015267,-4.458015,-3.618321
169,4.015267,-4.458015,-3.618321
170,4.015267,-4.458015,-3.618321
171,4.015267,-4.458015,-3.618321
172,4.015267,-4.458015,-3.618321
173,4.213740,-4.717557,-3.145038
174,4.213740,-4.717557,-3.145038
175,4.213740,-4.717557,-3.145038
176,4.213740,-4.717557,-3.145038
177,4.213740,-4.717557,-3.145038
178,4.213740,-4.717557,-3.145038
179,4.213740,-4.717557,-3.145038
180,4.213740,-4.717557,-3.145038
181,4.335878,-4.351145,-3.419847
182,4.335878,-4.351145,-3.419847
183,4.335878,-4.351145,-3.419847
184,4.335878,-4.351145,-3.419847
185,4.335878,-4.351145,-3.419847
186,4.335878,-4.351145,-3.419847
187,4.335878,-4.351145,-3.419847
188,4.335878,-4.351145,-3.419847
189,4.259542,-4.381679,-3.190840
190,4.259542,-4.381679,-3.190840
191,4.259542,-4.381679,-3.190840
192,4.259542,-4.381679,-3.190840
193,4.259542,-4.381679,-3.190840
194,4.259542,-4.381679,-3.190840
195,4.259542,-4.381679,-3.190840
196,4.259542,-4.381679,-3.190840
197,4.122137,-4.305344,-3.083969
198,4.122137,-4.305344,-3.083969
199,4.122137,-4.305344,-3.083969
200,4.122137,-4.305344,-3.083969
201,4.122137,-4.305344,-3.083969
202,4.122137,-4.305344,-3.083969
203,4.122137,-4.305344,-3.083969
204,4.122137,-4.305344,-3.083969
205,4.381679,-4.503817,-3.267176
206,4.381679,-4.503817,-3.267176
207,4.381679,-4.503817,-3.267176
208,4.381679,-4.503817,-3.267176
209,4.381679,-4.503817,-3.267176
210,4.381679,-4.503817,-3.267176
211,4.381679,-4.503817,-3.267176
212,4.381679,-4.503817,-3.267176
213,4.381679,-4.503817,-3.267176
214,4.488550,-4.290076,-2.870229
215,4.488550,-4.290076,-2.870229
216,4.488550,-4.290076,-2.870229
217,4.488550,-4.290076,-2.870229
218,4.488550,-4.290076,-2.870229
219,4.488550,-4.290076,-2.870229
220,4.488550,-4.290076,-2.870229
221,4.488550,-4.290076,-2.870229
222,4.244275,-4.427481,-3.541985
223,4.244275,-4.427481,-3.541985
224,4.244275,-4.427481,-3.541985
225,4.244275,-4.427481,-3.541985
226,4.244275,-4.427481,-3.541985
227,4.244275,-4.427481,-3.541985
228,4.244275,-4.427481,-3.541985
229,4.244275,-4.427481,-3.541985
230,4.427481,-4.702290,-3.328244
231,4.427481,-4.702290,-3.328244
232,4.427481,-4.702290,-3.328244
233,4.427481,-4.702290,-3.328244
234,4.427481,-4.702290,-3.328244
235,4.427481,-4.702290,-3.328244
236,4.427481,-4.702290,-3.328244
237,4.427481,-4.702290,-3.328244
238,4.274809,-4.473282,-4.106870
239,4.274809,-4.473282,-4.106870
240,4.274809,-4.473282,-4.106870
241,4.274809,-4.473282,-4.106870
242,4.274809,-4.473282,-4.106870
243,4.274809,-4.473282,-4.106870
244,4.274809,-4.473282,-4.106870
245,4.274809,-4.473282,-4.106870
246,4.519084,-5.145038,-4.320611
247,4.519084,-5.145038,-4.320611
248,4.519084,-5.145038,-4.320611
249,4.519084,-5.145038,-4.320611
250,4.519084,-5.145038,-4.320611
251,4.519084,-5.145038,-4.320611
252,4.519084,-5.145038,-4.320611
253,4.519084,-5.145038,-4.320611
254,4.519084,-4.702290,-4.381679
255,4.519084,-4.702290,-4.381679
256,4.519084,-4.702290,-4.381679
257,4.519084,-4.702290,-4.381679
258,4.519084,-4.702290,-4.381679
259,4.519084,-4.702290,-4.381679
260,4.519084,-4.702290,-4.381679
261,4.519084,-4.702290,-4.381679
262,4.564885,-4.763359,-3.664122
263,4.564885,-4.763359,-3.664122
264,4.564885,-4.763359,-3.664122
265,4.564885,-4.763359,-3.664122
266,4.564885,-4.763359,-3.664122
267,4.564885,-4.763359,-3.664122
268,4.564885,-4.763359,-3.664122
269,4.564885,-4.763359,-3.664122
270,4.564885,-4.763359,-3.664122
271,4.320611,-4.519084,-2.870229
272,4.320611,-4.519084,-2.870229
273,4.320611,-4.519084,-2.870229
274,4.320611,-4.519084,-2.870229
275,4.320611,-4.519084,-2.870229
276,4.320611,-4.519084,-2.870229
277,4.320611,-4.519084,-2.870229
278,4.320611,-4.519084,-2.870229
279,4.000000,-3.923664,-2.045802
280,4.000000,-3.923664,-2.045802
281,4.000000,-3.923664,-2.045802
282,4.000000,-3.923664,-2.045802
283,4.000000,-3.923664,-2.045802
284,4.000000,-3.923664,-2.045802
285,4.000000,-3.923664,-2.045802
286,4.000000,-3.923664,-2.045802
287,4.335878,-3.847328,-1.893130
288,4.335878,-3.847328,-1.893130
289,4.335878,-3.847328,-1.893130
290,4.335878,-3.847328,-1.893130
291,4.335878,-3.847328,-1.893130
292,4.335878,-3.847328,-1.893130
293,4.335878,-3.847328,-1.893130
294,4.335878,-3.847328,-1.893130
295,4.152672,-3.908397,-2.152672
296,4.152672,-3.908397,-2.152672
297,4.152672,-3.908397,-2.152672
298,4.152672,-3.908397,-2.152672
299,4.152672,-3.908397,-2.152672
300,4.152672,-3.908397,-2.152672
301,4.152672,-3.908397,-2.152672
302,4.152672,-3.908397,-2.152672
303,4.335878,-4.519084,-3.190840
304,4.335878,-4.519084,-3.190840
305,4.335878,-4.519084,-3.190840
306,4.335878,-4.519084,-3.190840
307,4.335878,-4.519084,-3.190840
308,4.335878,-4.519084,-3.190840
309,4.335878,-4.519084,-3.190840
310,4.335878,-4.519084,-3.190840
311,4.564885,-4.900763,-4.137405
312,4.564885,-4.900763,-4.137405
313,4.564885,-4.900763,-4.137405
314,4.564885,-4.900763,-4.137405
315,4.564885,-4.900763,-4.137405
316,4.564885,-4.900763,-4.137405
317,4.564885,-4.900763,-4.137405
318,4.564885,-4.900763,-4.137405
319,4.625954,-5.190840,-4.916031
320,4.625954,-5.190840,-4.916031
321,4.625954,-5.190840,-4.916031
322,4.625954,-5.190840,-4.916031
323,4.625954,-5.190840,-4.916031
324,4.625954,-5.190840,-4.916031
325,4.625954,-5.190840,-4.916031
326,4.625954,-5.190840,-4.916031
327,4.625954,-5.190840,-4.916031
328,4.717557,-5.312977,-5.236641
329,4.717557,-5.312977,-5.236641
330,4.717557,-5.312977,-5.236641
331,4.717557,-5.312977,-5.236641
332,4.717557,-5.312977,-5.236641
333,4.717557,-5.312977,-5.236641
334,4.717557,-5.312977,-5.236641
335,4.717557,-5.312977,-5.236641
336,4.580153,-5.328244,-4.961832
337,4.580153,-5.328244,-4.961832
338,4.580153,-5.328244,-4.961832
339,4.580153,-5.328244,-4.961832
340,4.580153,-5.328244,-4.961832
341,4.580153,-5.328244,-4.961832
342,4.580153,-5.328244,-4.961832
343,4.580153,-5.328244,-4.961832
344,4.763359,-4.961832,-4.961832
345,4.763359,-4.961832,-4.961832
346,4.763359,-4.961832,-4.961832
347,4.763359,-4.961832,-4.961832
348,4.763359,-4.961832,-4.961832
349,4.763359,-4.961832,-4.961832
350,4.763359,-4.961832,-4.961832
351,4.763359,-4.961832,-4.961832
352,4.381679,-5.267176,-5.419847
353,4.381679,-5.267176,-5.419847
354,4.381679,-5.267176,-5.419847
355,4.381679,-5.267176,-5.419847
356,4.381679,-5.267176,-5.419847
357,4.381679,-5.267176,-5.419847
358,4.381679,-5.267176,-5.419847
359,4.381679,-5.267176,-5.419847
360,4.167939,-6.045802,-7.664122
361,4.167939,-6.045802,-7.664122
362,4.167939,-6.045802,-7.664122
363,4.167939,-6.045802,-7.664122
364,4.167939,-6.045802,-7.664122
365,4.167939,-6.045802,-7.664122
366,4.167939,-6.045802,-7.664122
367,4.167939,-6.045802,-7.664122
368,4.198473,-7.099237,-8.900763
369,4.198473,-7.099237,-8.900763
370,4.198473,-7.099237,-8.900763
371,4.198473,-7.099237,-8.900763
372,4.198473,-7.099237,-8.900763
373,4.198473,-7.099237,-8.900763
374,4.198473,-7.099237,-8.900763
375,4.198473,-7.099237,-8.900763
376,4.580153,-6.564885,-6.748092
377,4.580153,-6.564885,-6.748092
378,4.580153,-6.564885,-6.748092
379,4.580153,-6.564885,-6.748092
380,4.580153,-6.564885,-6.748092
381,4.580153,-6.564885,-6.748092
382,4.580153,-6.564885,-6.748092
383,4.580153,-6.564885,-6.748092
384,4.580153,-6.564885,-6.748092
385,4.335878,-4.748092,-2.503817
386,4.335878,-4.748092,-2.503817
387,4.335878,-4.748092,-2.503817
388,4.335878,-4.748092,-2.503817
389,4.335878,-4.748092,-2.503817
390,4.335878,-4.748092,-2.503817
391,4.335878,-4.748092,-2.503817
392,4.335878,-4.748092,-2.503817
393,3.969466,-3.099237,-0.290076
394,3.969466,-3.099237,-0.290076
395,3.969466,-3.099237,-0.290076
396,3.969466,-3.099237,-0.290076
397,3.969466,-3.099237,-0.290076
398,3.969466,-3.099237,-0.290076
399,3.969466,-3.099237,-0.290076
400,3.969466,-3.099237,-0.290076
401,4.244275,-3.007634,0.748092
402,4.244275,-3.007634,0.748092
403,4.244275,-3.007634,0.748092
404,4.244275,-3.007634,0.748092
405,4.244275,-3.007634,0.748092
406,4.244275,-3.007634,0.748092
407,4.244275,-3.007634,0.748092
408,4.244275,-3.007634,0.748092
409,4.183206,-3.419847,0.488550
410,4.183206,-3.419847,0.488550
411,4.183206,-3.419847,0.488550
412,4.183206,-3.419847,0.488550
413,4.183206,-3.419847,0.488550
414,4.183206,-3.419847,0.488550
415,4.183206,-3.419847,0.488550
416,4.183206,-3.419847,0.488550
417,3.526718,-4.519084,-1.618321
418,3.526718,-4.519084,-1.618321
419,3.526718,-4.519084,-1.618321
420,3.526718,-4.519084,-1.618321
421,3.526718,-4.519084,-1.618321
422,3.526718,-4.519084,-1.618321
423,3.526718,-4.519084,-1.618321
424,3.526718,-4.519084,-1.618321
425,3.938931,-5.190840,-3.908397
426,3.938931,-5.190840,-3.908397
427,3.938931,-5.190840,-3.908397
428,3.938931,-5.190840,-3.908397
429,3.938931,-5.190840,-3.908397
430,3.938931,-5.190840,-3.908397
431,3.938931,-5.190840,-3.908397
432,3.938931,-5.190840,-3.908397
433,4.778626,-5.297710,-3.618321
434,4.778626,-5.297710,-3.618321
435,4.778626,-5.297710,-3.618321
436,4.778626,-5.297710,-3.618321
437,4.778626,-5.297710,-3.618321
438,4.778626,-5.297710,-3.618321
439,4.778626,-5.297710,-3.618321
440,4.778626,-5.297710,-3.618321
441,4.778626,-5.297710,-3.618321
442,4.351145,-4.885496,-3.083969
443,4.351145,-4.885496,-3.083969
444,4.351145,-4.885496,-3.083969
445,4.351145,-4.885496,-3.083969
446,4.351145,-4.885496,-3.083969
447,4.351145,-4.885496,-3.083969
448,4.351145,-4.885496,-3.083969
449,4.351145,-4.885496,-3.083969
450,4.259542,-5.083969,-3.648855
451,4.259542,-5.083969,-3.648855
452,4.259542,-5.083969,-3.648855
453,4.259542,-5.083969,-3.648855
454,4.259542,-5.083969,-3.648855
455,4.259542,-5.083969,-3.648855
456,4.259542,-5.083969,-3.648855
457,4.259542,-5.083969,-3.648855
458,5.022901,-4.229008,-2.610687
459,5.022901,-4.229008,-2.610687
460,5.022901,-4.229008,-2.610687
461,5.022901,-4.229008,-2.610687
462,5.022901,-4.229008,-2.610687
463,5.022901,-4.229008,-2.610687
464,5.022901,-4.229008,-2.610687
465,5.022901,-4.229008,-2.610687
466,4.061069,-4.030534,-2.198473
467,4.061069,-4.030534,-2.198473
468,4.061069,-4.030534,-2.198473
469,4.061069,-4.030534,-2.198473
470,4.061069,-4.030534,-2.198473
471,4.061069,-4.030534,-2.198473
472,4.061069,-4.030534,-2.198473
473,4.061069,-4.030534,-2.198473
474,3.587786,-3.541985,-1.877863
475,3.587786,-3.541985,-1.877863
476,3.587786,-3.541985,-1.877863
477,3.587786,-3.541985,-1.877863
478,3.587786,-3.541985,-1.877863
479,3.587786,-3.541985,-1.877863
480,3.587786,-3.541985,-1.877863
481,3.587786,-3.541985,-1.877863
482,4.564885,-3.160305,-2.259542
483,4.564885,-3.160305,-2.259542
484,4.564885,-3.160305,-2.259542
485,4.564885,-3.160305,-2.259542
486,4.564885,-3.160305,-2.259542
487,4.564885,-3.160305,-2.259542
488,4.564885,-3.160305,-2.259542
489,4.564885,-3.160305,-2.259542
490,4.748092,-3.557252,-1.679389
491,4.748092,-3.557252,-1.679389
492,4.748092,-3.557252,-1.679389
493,4.748092,-3.557252,-1.679389
494,4.748092,-3.557252,-1.679389
495,4.748092,-3.557252,-1.679389
496,4.748092,-3.557252,-1.679389
497,4.748092,-3.557252,-1.679389
498,4.305344,-3.938931,-2.442748
499,4.305344,-3.938931,-2.442748
500,4.305344,-3.938931,-2.442748
501,4.305344,-3.938931,-2.442748
502,4.305344,-3.938931,-2.442748
503,4.305344,-3.938931,-2.442748
504,4.305344,-3.938931,-2.442748
505,4.305344,-3.938931,-2.442748
506,4.305344,-3.938931,-2.442748
507,4.687023,-4.503817,-3.419847
508,4.687023,-4.503817,-3.419847
509,4.687023,-4.503817,-3.419847
510,4.687023,-4.503817,-3.419847
511,4.687023,-4.503817,-3.419847
512,4.687023,-4.503817,-3.419847
513,4.687023,-4.503817,-3.419847
514,4.687023,-4.503817,-3.419847
515,4.274809,-4.320611,-3.603053
516,4.274809,-4.320611,-3.603053
517,4.274809,-4.320611,-3.603053
518,4.274809,-4.320611,-3.603053
519,4.274809,-4.320611,-3.603053
520,4.274809,-4.320611,-3.603053
521,4.274809,-4.320611,-3.603053
522,4.274809,-4.320611,-3.603053
523,3.221374,-4.992366,-4.458015
524,3.221374,-4.992366,-4.458015
525,3.221374,-4.992366,-4.458015
526,3.221374,-4.992366,-4.458015
527,3.221374,-4.992366,-4.458015
528,3.221374,-4.992366,-4.458015
529,3.221374,-4.992366,-4.458015
530,3.221374,-4.992366,-4.458015
531,3.587786,-5.572519,-5.190840
532,3.587786,-5.572519,-5.190840
533,3.587786,-5.572519,-5.190840
534,3.587786,-5.572519,-5.190840
535,3.587786,-5.572519,-5.190840
536,3.587786,-5.572519,-5.190840
537,3.587786,-5.572519,-5.190840
538,3.587786,-5.572519,-5.190840
539,4.381679,-5.374046,-3.984733
540,4.381679,-5.374046,-3.984733
541,4.381679,-5.374046,-3.984733
542,4.381679,-5.374046,-3.984733
543,4.381679,-5.374046,-3.984733
544,4.381679,-5.374046,-3.984733
545,4.381679,-5.374046,-3.984733
546,4.381679,-5.374046,-3.984733
547,2.977099,-4.961832,-1.358779
548,2.977099,-4.961832,-1.358779
549,2.977099,-4.961832,-1.358779
550,2.977099,-4.961832,-1.358779
551,2.977099,-4.961832,-1.358779
552,2.977099,-4.961832,-1.358779
553,2.977099,-4.961832,-1.358779
554,2.977099,-4.961832,-1.358779
555,-1.923664,-4.961832,-6.763359
556,-1.923664,-4.961832,-6.763359
557,-1.923664,-4.961832,-6.763359
558,-1.923664,-4.961832,-6.763359
559,-1.923664,-4.961832,-6.763359
560,-1.923664,-4.961832,-6.763359
561,-1.923664,-4.961832,-6.763359
562,-1.923664,-4.961832,-6.763359
563,-1.923664,-4.961832,-6.763359
564,-1.694656,-10.030534,-14.534351
565,-1.694656,-10.030534,-14.534351
566,-1.694656,-10.030534,-14.534351
567,-1.694656,-10.030534,-14.534351
568,-1.694656,-10.030534,-14.534351
569,-1.694656,-10.030534,-14.534351
570,-1.694656,-10.030534,-14.534351
571,-1.694656,-10.030534,-14.534351
572,7.312977,-5.984733,-2.076336
573,7.312977,-5.984733,-2.076336
574,7.312977,-5.984733,-2.076336
575,7.312977,-5.984733,-2.076336
576,7.312977,-5.984733,-2.076336
577,7.312977,-5.984733,-2.076336
578,7.312977,-5.984733,-2.076336
579,7.312977,-5.984733,-2.076336
580,11.053435,13.984733,35.282443
581,11.053435,13.984733,35.282443
582,11.053435,13.984733,35.282443
583,11.053435,13.984733,35.282443
584,11.053435,13.984733,35.282443
585,11.053435,13.984733,35.282443
586,11.053435,13.984733,35.282443
587,11.053435,13.984733,35.282443
588,-7.725191,11.847328,28.503817
589,-7.725191,11.847328,28.503817
590,-7.725191,11.847328,28.503817
591,-7.725191,11.847328,28.503817
592,-7.725191,11.847328,28.503817
593,-7.725191,11.847328,28.503817
594,-7.725191,11.847328,28.503817
595,-7.725191,11.847328,28.503817
596,-1.969466,5.282443,8.091603
597,-1.969466,5.282443,8.091603
598,-1.969466,5.282443,8.091603
599,-1.969466,5.282443,8.091603
600,-1.969466,5.282443,8.091603
601,-1.969466,5.282443,8.091603
602,-1.969466,5.282443,8.091603
603,-1.969466,5.282443,8.091603
604,9.267176,-15.709924,-39.053435
605,9.267176,-15.709924,-39.053435
606,9.267176,-15.709924,-39.053435
607,9.267176,-15.709924,-39.053435
608,9.267176,-15.709924,-39.053435
609,9.267176,-15.709924,-39.053435
610,9.267176,-15.709924,-39.053435
611,9.267176,-15.709924,-39.053435
612,5.603053,-26.839695,-34.488550
613,5.603053,-26.839695,-34.488550
614,5.603053,-26.839695,-34.488550
615,5.603053,-26.839695,-34.488550
616,5.603053,-26.839695,-34.488550
617,5.603053,-26.839695,-34.488550
618,5.603053,-26.839695,-34.488550
619,5.603053,-26.839695,-34.488550
620,5.603053,-26.839695,-34.488550
621,7.603053,-18.320611,-29.083969
622,7.603053,-18.320611,-29.083969
623,7.603053,-18.320611,-29.083969
624,7.603053,-18.320611,-29.083969
625,7.603053,-18.320611,-29.083969
626,7.603053,-18.320611,-29.083969
627,7.603053,-18.320611,-29.083969
628,7.603053,-18.320611,-29.083969
629,10.763359,-6.778626,-1.190840
630,10.763359,-6.778626,-1.190840
631,10.763359,-6.778626,-1.190840
632,10.763359,-6.778626,-1.190840
633,10.763359,-6.778626,-1.190840
634,10.763359,-6.778626,-1.190840
635,10.763359,-6.778626,-1.190840
636,10.763359,-6.778626,-1.190840
637,6.366412,9.541985,23.068702
638,6.366412,9.541985,23.068702
639,6.366412,9.541985,23.068702
640,6.366412,9.541985,23.068702
641,6.366412,9.541985,23.068702
642,6.366412,9.541985,23.068702
643,6.366412,9.541985,23.068702
644,6.366412,9.541985,23.068702
645,3.251908,7.694656,25.633588
646,3.251908,7.694656,25.633588
647,3.251908,7.694656,25.633588
648,3.251908,7.694656,25.633588
649,3.251908,7.694656,25.633588
650,3.251908,7.694656,25.633588
651,3.251908,7.694656,25.633588
652,3.251908,7.694656,25.633588
653,3.145038,0.488550,8.503817
654,3.145038,0.488550,8.503817
655,3.145038,0.488550,8.503817
656,3.145038,0.488550,8.503817
657,3.145038,0.488550,8.503817
658,3.145038,0.488550,8.503817
659,3.145038,0.488550,8.503817
660,3.145038,0.488550,8.503817
661,-4.534351,-12.061069,-20.351145
662,-4.534351,-12.061069,-20.351145
663,-4.534351,-12.061069,-20.351145
664,-4.534351,-12.061069,-20.351145
665,-4.534351,-12.061069,-20.351145
666,-4.534351,-12.061069,-20.351145
667,-4.534351,-12.061069,-20.351145
668,-4.534351,-12.061069,-20.351145
669,4.793893,-25.969466,-19.404580
670,4.793893,-25.969466,-19.404580
671,4.793893,-25.969466,-19.404580
672,4.793893,-25.969466,-19.404580
673,4.793893,-25.969466,-19.404580
674,4.793893,-25.969466,-19.404580
675,4.793893,-25.969466,-19.404580
676,4.793893,-25.969466,-19.404580
677,4.793893,-25.969466,-19.404580
678,22.839695,-1.328244,1.007634
679,22.839695,-1.328244,1.007634
680,22.839695,-1.328244,1.007634
681,22.839695,-1.328244,1.007634
682,22.839695,-1.328244,1.007634
683,22.839695,-1.328244,1.007634
684,22.839695,-1.328244,1.007634
685,22.839695,-1.328244,1.007634
686,6.977099,12.854962,4.198473
687,6.977099,12.854962,4.198473
688,6.977099,12.854962,4.198473
689,6.977099,12.854962,4.198473
690,6.977099,12.854962,4.198473
691,6.977099,12.854962,4.198473
692,6.977099,12.854962,4.198473
693,6.977099,12.854962,4.198473
694,-15.709924,-10.763359,-11.282443
695,-15.709924,-10.763359,-11.282443
696,-15.709924,-10.763359,-11.282443
697,-15.709924,-10.763359,-11.282443
698,-15.709924,-10.763359,-11.282443
699,-15.709924,-10.763359,-11.282443
700,-15.709924,-10.763359,-11.282443
701,-15.709924,-10.763359,-11.282443
702,-0.885496,-21.725191,-20.610687
703,-0.885496,-21.725191,-20.610687
704,-0.885496,-21.725191,-20.610687
705,-0.885496,-21.725191,-20.610687
706,-0.885496,-21.725191,-20.610687
707,-0.885496,-21.725191,-20.610687
708,-0.885496,-21.725191,-20.610687
709,-0.885496,-21.725191,-20.610687
710,46.839695,157.190840,37.114504
711,46.839695,157.190840,37.114504
712,46.839695,157.190840,37.114504
713,46.839695,157.190840,37.114504
714,46.839695,157.190840,37.114504
715,46.839695,157.190840,37.114504
716,46.839695,157.190840,37.114504
717,46.839695,157.190840,37.114504
718,5.832061,-57.572519,-67.694656
719,5.832061,-57.572519,-67.694656
720,5.832061,-57.572519,-67.694656
721,5.832061,-57.572519,-67.694656
722,5.832061,-57.572519,-67.694656
723,5.832061,-57.572519,-67.694656
724,5.832061,-57.572519,-67.694656
725,5.832061,-57.572519,-67.694656
726,150.091603,120.702290,-500.274809
727,150.091603,120.702290,-500.274809
728,150.091603,120.702290,-500.274809
729,150.091603,120.702290,-500.274809
730,150.091603,120.702290,-500.274809
731,150.091603,120.702290,-500.274809
732,150.091603,120.702290,-500.274809
733,150.091603,120.702290,-500.274809
734,-41.038168,37.969466,-500.274809
735,-41.038168,37.969466,-500.274809
736,-41.038168,37.969466,-500.274809
737,-41.038168,37.969466,-500.274809
738,-41.038168,37.969466,-500.274809
739,-41.038168,37.969466,-500.274809
740,-41.038168,37.969466,-500.274809
741,-41.038168,37.969466,-500.274809
742,-41.038168,37.969466,-500.274809
743,-352.687023,-64.259542,-500.274809
744,-352.687023,-64.259542,-500.274809
745,-352.687023,-64.259542,-500.274809
746,-352.687023,-64.259542,-500.274809
747,-352.687023,-64.259542,-500.274809
748,-352.687023,-64.259542,-500.274809
749,-352.687023,-64.259542,-500.274809
750,-352.687023,-64.259542,-500.274809
751,-131.740458,-27.312977,-337.770992
752,-131.740458,-27.312977,-337.770992
753,-131.740458,-27.312977,-337.770992
754,-131.740458,-27.312977,-337.770992
755,-131.740458,-27.312977,-337.770992
756,-131.740458,-27.312977,-337.770992
757,-131.740458,-27.312977,-337.770992
758,-131.740458,-27.312977,-337.770992
759,45.389313,219.419847,-419.832061
760,45.389313,219.419847,-419.832061
761,45.389313,219.419847,-419.832061
762,45.389313,219.419847,-419.832061
763,45.389313,219.419847,-419.832061
764,45.389313,219.419847,-419.832061
765,45.389313,219.419847,-419.832061
766,45.389313,219.419847,-419.832061
767,310.519084,159.358779,-500.274809
768,310.519084,159.358779,-500.274809
769,310.519084,159.358779,-500.274809
770,310.519084,159.358779,-500.274809
771,310.519084,159.358779,-500.274809
772,310.519084,159.358779,-500.274809
773,310.519084,159.358779,-500.274809
774,310.519084,159.358779,-500.274809
775,310.396947,82.641221,-500.274809
776,310.396947,82.641221,-500.274809
777,310.396947,82.641221,-500.274809
778,310.396947,82.641221,-500.274809
779,310.396947,82.641221,-500.274809
780,310.396947,82.641221,-500.274809
781,310.396947,82.641221,-500.274809
782,310.396947,82.641221,-500.274809
783,352.702290,36.702290,-500.274809
784,352.702290,36.702290,-500.274809
785,352.702290,36.702290,-500.274809
786,352.702290,36.702290,-500.274809
787,352.702290,36.702290,-500.274809
788,352.702290,36.702290,-500.274809
789,352.702290,36.702290,-500.274809
790,352.702290,36.702290,-500.274809
791,344.854962,44.931298,-414.610687
792,344.854962,44.931298,-414.610687
793,344.854962,44.931298,-414.610687
794,344.854962,44.931298,-414.610687
795,344.854962,44.931298,-414.610687
796,344.854962,44.931298,-414.610687
797,344.854962,44.931298,-414.610687
798,344.854962,44.931298,-414.610687
799,344.854962,44.931298,-414.610687
800,294.412214,73.099237,-288.885496
801,294.412214,73.099237,-288.885496
802,294.412214,73.099237,-288.885496
803,294.412214,73.099237,-288.885496
804,294.412214,73.099237,-288.885496
805,294.412214,73.099237,-288.885496
806,294.412214,73.099237,-288.885496
807,294.412214,73.099237,-288.885496
808,286.641221,135.541985,-206.137405
809,286.641221,135.541985,-206.137405
810,286.641221,135.541985,-206.137405
811,286.641221,135.541985,-206.137405
812,286.641221,135.541985,-206.137405
813,286.641221,135.541985,-206.137405
814,286.641221,135.541985,-206.137405
815,286.641221,135.541985,-206.137405
816,215.755725,162.000000,10.015267
817,215.755725,162.000000,10.015267
818,215.755725,162.000000,10.015267
819,215.755725,162.000000,10.015267
820,215.755725,162.000000,10.015267
821,215.755725,162.000000,10.015267
822,215.755725,162.000000,10.015267
823,215.755725,162.000000,10.015267
824,61.862595,174.122137,175.419847
825,61.862595,174.122137,175.419847
826,61.862595,174.122137,175.419847
827,61.862595,174.122137,175.419847
828,61.862595,174.122137,175.419847
829,61.862595,174.122137,175.419847
830,61.862595,174.122137,175.419847
831,61.862595,174.122137,175.419847
832,10.335878,261.832061,369.816794
833,10.335878,261.832061,369.816794
834,10.335878,261.832061,369.816794
835,10.335878,261.832061,369.816794
836,10.335878,261.832061,369.816794
837,10.335878,261.832061,369.816794
838,10.335878,261.832061,369.816794
839,10.335878,261.832061,369.816794
840,-174.992366,380.946565,500.259542
841,-174.992366,380.946565,500.259542
842,-174.992366,380.946565,500.259542
843,-174.992366,380.946565,500.259542
844,-174.992366,380.946565,500.259542
845,-174.992366,380.946565,500.259542
846,-174.992366,380.946565,500.259542
847,-174.992366,380.946565,500.259542
848,64.061069,229.526718,-14.091603
849,64.061069,229.526718,-14.091603
850,64.061069,229.526718,-14.091603
851,64.061069,229.526718,-14.091603
852,64.061069,229.526718,-14.091603
853,64.061069,229.526718,-14.091603
854,64.061069,229.526718,-14.091603
855,64.061069,229.526718,-14.091603
856,64.061069,229.526718,-14.091603
857,259.862595,213.938931,-101.832061
858,259.862595,213.938931,-101.832061
859,259.862595,213.938931,-101.832061
860,259.862595,213.938931,-101.832061
861,259.862595,213.938931,-101.832061
862,259.862595,213.938931,-101.832061
863,259.862595,213.938931,-101.832061
864,259.862595,213.938931,-101.832061
865,304.961832,263.557252,-125.007634
866,304.961832,263.557252,-125.007634
867,304.961832,263.557252,-125.007634
868,304.961832,263.557252,-125.007634
869,304.961832,263.557252,-125.007634
870,304.961832,263.557252,-125.007634
871,304.961832,263.557252,-125.007634
872,304.961832,263.557252,-125.007634
873,374.977099,298.793893,-125.832061
874,374.977099,298.793893,-125.832061
875,374.977099,298.793893,-125.832061
876,374.977099,298.793893,-125.832061
877,374.977099,298.793893,-125.832061
878,374.977099,298.793893,-125.832061
879,374.977099,298.793893,-125.832061
880,374.977099,298.793893,-125.832061
881,420.183206,374.396947,-103.832061
882,420.183206,374.396947,-103.832061
883,420.183206,374.396947,-103.832061
884,420.183206,374.396947,-103.832061
885,420.183206,374.396947,-103.832061
886,420.183206,374.396947,-103.832061
887,420.183206,374.396947,-103.832061
888,420.183206,374.396947,-103.832061
889,445.160305,436.992366,-96.992366
890,445.160305,436.992366,-96.992366
891,445.160305,436.992366,-96.992366
892,445.160305,436.992366,-96.992366
893,445.160305,436.992366,-96.992366
894,445.160305,436.992366,-96.992366
895,445.160305,436.992366,-96.992366
896,445.160305,436.992366,-96.992366
897,483.862595,462.809160,-95.633588
898,483.862595,462.809160,-95.633588
899,483.862595,462.809160,-95.633588
900,483.862595,462.809160,-95.633588
901,483.862595,462.809160,-95.633588
902,483.862595,462.809160,-95.633588
903,483.862595,462.809160,-95.633588
904,483.862595,462.809160,-95.633588
905,481.877863,449.358779,-101.435115
906,481.877863,449.358779,-101.435115
907,481.877863,449.358779,-101.435115
908,481.877863,449.358779,-101.435115
909,481.877863,449.358779,-101.435115
910,481.877863,449.358779,-101.435115
911,481.877863,449.358779,-101.435115
912,481.877863,449.358779,-101.435115
913,481.877863,449.358779,-101.435115
914,490.992366,492.503817,-98.473282
915,490.992366,492.503817,-98.473282
916,490.992366,492.503817,-98.473282
917,490.992366,492.503817,-98.473282
918,490.992366,492.503817,-98.473282
919,490.992366,492.503817,-98.473282
920,490.992366,492.503817,-98.473282
921,490.992366,492.503817,-98.473282
922,500.259542,500.259542,-82.625954
923,500.259542,500.259542,-82.625954
924,500.259542,500.259542,-82.625954
925,500.259542,500.259542,-82.625954
926,500.259542,500.259542,-82.625954
927,500.259542,500.259542,-82.625954
928,500.259542,500.259542,-82.625954
929,500.259542,500.259542,-82.625954
930,500.259542,500.259542,-84.183206
931,500.259542,500.259542,-84.183206
932,500.259542,500.259542,-84.183206
933,500.259542,500.259542,-84.183206
934,500.259542,500.259542,-84.183206
935,500.259542,500.259542,-84.183206
936,500.259542,500.259542,-84.183206
937,500.259542,500.259542,-84.183206
938,500.259542,500.259542,-35.709924
939,500.259542,500.259542,-35.709924
940,500.259542,500.259542,-35.709924
941,500.259542,500.259542,-35.709924
942,500.259542,500.259542,-35.709924
943,500.259542,500.259542,-35.709924
944,500.259542,500.259542,-35.709924
945,500.259542,500.259542,-35.709924
946,500.259542,500.259542,-58.687023
947,500.259542,500.259542,-58.687023
948,500.259542,500.259542,-58.687023
949,500.259542,500.259542,-58.687023
950,500.259542,500.259542,-58.687023
951,500.259542,500.259542,-58.687023
952,500.259542,500.259542,-58.687023
953,500.259542,500.259542,-58.687023
954,500.259542,500.259542,-68.900763
955,500.259542,500.259542,-68.900763
956,500.259542,500.259542,-68.900763
957,500.259542,500.259542,-68.900763
958,500.259542,500.259542,-68.900763
959,500.259542,500.259542,-68.900763
960,500.259542,500.259542,-68.900763
961,500.259542,500.259542,-68.900763
962,500.259542,500.259542,-73.236641
963,500.259542,500.259542,-73.236641
964,500.259542,500.259542,-73.236641
965,500.259542,500.259542,-73.236641
966,500.259542,500.259542,-73.236641
967,500.259542,500.259542,-73.236641
968,500.259542,500.259542,-73.236641
969,500.259542,500.259542,-73.236641
970,500.259542,500.259542,-85.435115
971,500.259542,500.259542,-85.435115
972,500.259542,500.259542,-85.435115
973,500.259542,500.259542,-85.435115
974,500.259542,500.259542,-85.435115
975,500.259542,500.259542,-85.435115
976,500.259542,500.259542,-85.435115
977,500.259542,500.259542,-85.435115
978,500.259542,500.259542,-85.435115
979,500.259542,500.259542,-104.091603
980,500.259542,500.259542,-104.091603
981,500.259542,500.259542,-104.091603
982,500.259542,500.259542,-104.091603
983,500.259542,500.259542,-104.091603
984,500.259542,500.259542,-104.091603
985,500.259542,500.259542,-104.091603
986,500.259542,500.259542,-104.091603
987,500.259542,500.259542,-130.839695
988,500.259542,500.259542,-130.839695
989,500.259542,500.259542,-130.839695
990,500.259542,500.259542,-130.839695
991,500.259542,500.259542,-130.839695
992,500.259542,500.259542,-130.839695
993,500.259542,500.259542,-130.839695
994,500.259542,500.259542,-130.839695
995,500.259542,500.259542,-147.175573
996,500.259542,500.259542,-147.175573
997,500.259542,500.259542,-147.175573
998,500.259542,500.259542,-147.175573
999,500.259542,500.259542,-147.175573
1000,500.259542,500.259542,-147.175573
1001,500.259542,500.259542,-147.175573
1002,500.259542,500.259542,-147.175573
1003,500.259542,500.259542,-127.709924
1004,500.259542,500.259542,-127.709924
1005,500.259542,500.259542,-127.709924
1006,500.259542,500.259542,-127.709924
1007,500.259542,500.259542,-127.709924
1008,500.259542,500.259542,-127.709924
1009,500.259542,500.259542,-127.709924
1010,500.259542,500.259542,-127.709924
1011,500.259542,500.259542,-123.083969
1012,500.259542,500.259542,-123.083969
1013,500.259542,500.259542,-123.083969
1014,500.259542,500.259542,-123.083969
1015,500.259542,500.259542,-123.083969
1016,500.259542,500.259542,-123.083969
1017,500.259542,500.259542,-123.083969
1018,500.259542,500.259542,-123.083969
1019,500.259542,500.259542,-111.969466
1020,500.259542,500.259542,-111.969466
1021,500.259542,500.259542,-111.969466
1022,500.259542,500.259542,-111.969466
1023,500.259542,500.259542,-111.969466
1024,500.259542,500.259542,-111.969466
1025,500.259542,500.259542,-111.969466
1026,500.259542,500.259542,-111.969466
1027,500.259542,500.259542,-109.832061
1028,500.259542,500.259542,-109.832061
1029,500.259542,500.259542,-109.832061
1030,500.259542,500.259542,-109.832061
1031,500.259542,500.259542,-109.832061
1032,500.259542,500.259542,-109.832061
1033,500.259542,500.259542,-109.832061
1034,500.259542,500.259542,-109.832061
1035,500.259542,500.259542,-109.832061
1036,463.526718,422.213740,-90.076336
1037,463.526718,422.213740,-90.076336
1038,463.526718,422.213740,-90.076336
1039,463.526718,422.213740,-90.076336
1040,463.526718,422.213740,-90.076336
1041,463.526718,422.213740,-90.076336
1042,463.526718,422.213740,-90.076336
1043,463.526718,422.213740,-90.076336
1044,384.503817,299.083969,-87.236641
1045,384.503817,299.083969,-87.236641
1046,384.503817,299.083969,-87.236641
1047,384.503817,299.083969,-87.236641
1048,384.503817,299.083969,-87.236641
1049,384.503817,299.083969,-87.236641
1050,384.503817,299.083969,-87.236641
1051,384.503817,299.083969,-87.236641
1052,305.618321,198.595420,-85.832061
1053,305.618321,198.595420,-85.832061
1054,305.618321,198.595420,-85.832061
1055,305.618321,198.595420,-85.832061
1056,305.618321,198.595420,-85.832061
1057,305.618321,198.595420,-85.832061
1058,305.618321,198.595420,-85.832061
1059,305.618321,198.595420,-85.832061
1060,240.641221,130.259542,-64.732824
1061,240.641221,130.259542,-64.732824
1062,240.641221,130.259542,-64.732824
1063,240.641221,130.259542,-64.732824
1064,240.641221,130.259542,-64.732824
1065,240.641221,130.259542,-64.732824
1066,240.641221,130.259542,-64.732824
1067,240.641221,130.259542,-64.732824
1068,150.503817,45.221374,-57.053435
1069,150.503817,45.221374,-57.053435
1070,150.503817,45.221374,-57.053435
1071,150.503817,45.221374,-57.053435
1072,150.503817,45.221374,-57.053435
1073,150.503817,45.221374,-57.053435
1074,150.503817,45.221374,-57.053435
1075,150.503817,45.221374,-57.053435
1076,40.870229,-92.351145,-65.160305
1077,40.870229,-92.351145,-65.160305
1078,40.870229,-92.351145,-65.160305
1079,40.870229,-92.351145,-65.160305
1080,40.870229,-92.351145,-65.160305
1081,40.870229,-92.351145,-65.160305
1082,40.870229,-92.351145,-65.160305
1083,40.870229,-92.351145,-65.160305
1084,-102.106870,-281.465649,-43.160305
1085,-102.106870,-281.465649,-43.160305
1086,-102.106870,-281.465649,-43.160305
1087,-102.106870,-281.465649,-43.160305
1088,-102.106870,-281.465649,-43.160305
1089,-102.106870,-281.465649,-43.160305
1090,-102.106870,-281.465649,-43.160305
1091,-102.106870,-281.465649,-43.160305
1092,-102.106870,-281.465649,-43.160305
1093,-242.091603,-492.412214,-45.358779
1094,-242.091603,-492.412214,-45.358779
1095,-242.091603,-492.412214,-45.358779
1096,-242.091603,-492.412214,-45.358779
1097,-242.091603,-492.412214,-45.358779
1098,-242.091603,-492.412214,-45.358779
1099,-242.091603,-492.412214,-45.358779
1100,-242.091603,-492.412214,-45.358779
1101,-337.450382,-500.274809,-45.832061
1102,-337.450382,-500.274809,-45.832061
1103,-337.450382,-500.274809,-45.832061
1104,-337.450382,-500.274809,-45.832061
1105,-337.450382,-500.274809,-45.832061
1106,-337.450382,-500.274809,-45.832061
1107,-337.450382,-500.274809,-45.832061
1108,-337.450382,-500.274809,-45.832061
1109,-352.702290,-500.274809,-47.572519
1110,-352.702290,-500.274809,-47.572519
1111,-352.702290,-500.274809,-47.572519
1112,-352.702290,-500.274809,-47.572519
1113,-352.702290,-500.274809,-47.572519
1114,-352.702290,-500.274809,-47.572519
1115,-352.702290,-500.274809,-47.572519
1116,-352.702290,-500.274809,-47.572519
1117,-314.961832,-500.274809,-50.656489
1118,-314.961832,-500.274809,-50.656489
1119,-314.961832,-500.274809,-50.656489
1120,-314.961832,-500.274809,-50.656489
1121,-314.961832,-500.274809,-50.656489
1122,-314.961832,-500.274809,-50.656489
1123,-314.961832,-500.274809,-50.656489
1124,-314.961832,-500.274809,-50.656489
1125,-305.908397,-500.274809,0.748092
1126,-305.908397,-500.274809,0.748092
1127,-305.908397,-500.274809,0.748092
1128,-305.908397,-500.274809,0.748092
1129,-305.908397,-500.274809,0.748092
1130,-305.908397,-500.274809,0.748092
1131,-305.908397,-500.274809,0.748092
1132,-305.908397,-500.274809,0.748092
1133,-181.022901,-500.274809,-1.511450
1134,-181.022901,-500.274809,-1.511450
1135,-181.022901,-500.274809,-1.511450
1136,-181.022901,-500.274809,-1.511450
1137,-181.022901,-500.274809,-1.511450
1138,-181.022901,-500.274809,-1.511450
1139,-181.022901,-500.274809,-1.511450
1140,-181.022901,-500.274809,-1.511450
1141,39.419847,-500.274809,-74.305344
1142,39.419847,-500.274809,-74.305344
1143,39.419847,-500.274809,-74.305344
1144,39.419847,-500.274809,-74.305344
1145,39.419847,-500.274809,-74.305344
1146,39.419847,-500.274809,-74.305344
1147,39.419847,-500.274809,-74.305344
1148,39.419847,-500.274809,-74.305344
1149,39.419847,-500.274809,-74.305344
1150,199.068702,-500.274809,-167.832061
1151,199.068702,-500.274809,-167.832061
1152,199.068702,-500.274809,-167.832061
1153,199.068702,-500.274809,-167.832061
1154,199.068702,-500.274809,-167.832061
1155,199.068702,-500.274809,-167.832061
1156,199.068702,-500.274809,-167.832061
1157,199.068702,-500.274809,-167.832061
1158,189.251908,-500.274809,-151.877863
1159,189.251908,-500.274809,-151.877863
1160,189.251908,-500.274809,-151.877863
1161,189.251908,-500.274809,-151.877863
1162,189.251908,-500.274809,-151.877863
1163,189.251908,-500.274809,-151.877863
1164,189.251908,-500.274809,-151.877863
1165,189.251908,-500.274809,-151.877863
1166,-44.198473,-500.274809,-27.801527
1167,-44.198473,-500.274809,-27.801527
1168,-44.198473,-500.274809,-27.801527
1169,-44.198473,-500.274809,-27.801527
1170,-44.198473,-500.274809,-27.801527
1171,-44.198473,-500.274809,-27.801527
1172,-44.198473,-500.274809,-27.801527
1173,-44.198473,-500.274809,-27.801527
1174,-415.893130,-500.274809,84.427481
1175,-415.893130,-500.274809,84.427481
1176,-415.893130,-500.274809,84.427481
1177,-415.893130,-500.274809,84.427481
1178,-415.893130,-500.274809,84.427481
1179,-415.893130,-500.274809,84.427481
1180,-415.893130,-500.274809,84.427481
1181,-415.893130,-500.274809,84.427481
1182,-411.709924,-500.274809,54.458015
1183,-411.709924,-500.274809,54.458015
1184,-411.709924,-500.274809,54.458015
1185,-411.709924,-500.274809,54.458015
1186,-411.709924,-500.274809,54.458015
1187,-411.709924,-500.274809,54.458015
1188,-411.709924,-500.274809,54.458015
1189,-411.709924,-500.274809,54.458015
1190,-401.007634,-500.274809,72.244275
1191,-401.007634,-500.274809,72.244275
1192,-401.007634,-500.274809,72.244275
1193,-401.007634,-500.274809,72.244275
1194,-401.007634,-500.274809,72.244275
1195,-401.007634,-500.274809,72.244275
1196,-401.007634,-500.274809,72.244275
1197,-401.007634,-500.274809,72.244275
1198,-356.244275,-500.274809,87.679389
1199,-356.244275,-500.274809,87.679389
1200,-356.244275,-500.274809,87.679389
1201,-356.244275,-500.274809,87.679389
1202,-356.244275,-500.274809,87.679389
1203,-356.244275,-500.274809,87.679389
1204,-356.244275,-500.274809,87.679389
1205,-356.244275,-500.274809,87.679389
1206,-305.267176,-500.274809,101.679389
1207,-305.267176,-500.274809,101.679389
1208,-305.267176,-500.274809,101.679389
1209,-305.267176,-500.274809,101.679389
1210,-305.267176,-500.274809,101.679389
1211,-305.267176,-500.274809,101.679389
1212,-305.267176,-500.274809,101.679389
1213,-305.267176,-500.274809,101.679389
1214,-305.267176,-500.274809,101.679389
1215,-250.015267,-500.274809,113.893130
1216,-250.015267,-500.274809,113.893130
1217,-250.015267,-500.274809,113.893130
1218,-250.015267,-500.274809,113.893130
1219,-250.015267,-500.274809,113.893130
1220,-250.015267,-500.274809,113.893130
1221,-250.015267,-500.274809,113.893130
1222,-250.015267,-500.274809,113.893130
1223,-195.603053,-470.946565,127.450382
1224,-195.603053,-470.946565,127.450382
1225,-195.603053,-470.946565,127.450382
1226,-195.603053,-470.946565,127.450382
1227,-195.603053,-470.946565,127.450382
1228,-195.603053,-470.946565,127.450382
1229,-195.603053,-470.946565,127.450382
1230,-195.603053,-470.946565,127.450382
1231,-156.885496,-400.000000,121.419847
1232,-156.885496,-400.000000,121.419847
1233,-156.885496,-400.000000,121.419847
1234,-156.885496,-400.000000,121.419847
1235,-156.885496,-400.000000,121.419847
1236,-156.885496,-400.000000,121.419847
1237,-156.885496,-400.000000,121.419847
1238,-156.885496,-400.000000,121.419847
1239,-127.129771,-335.877863,109.419847
1240,-127.129771,-335.877863,109.419847
1241,-127.129771,-335.877863,109.419847
1242,-127.129771,-335.877863,109.419847
1243,-127.129771,-335.877863,109.419847
1244,-127.129771,-335.877863,109.419847
1245,-127.129771,-335.877863,109.419847
1246,-127.129771,-335.877863,109.419847
1247,-107.435115,-278.366412,84.305344
1248,-107.435115,-278.366412,84.305344
1249,-107.435115,-278.366412,84.305344
1250,-107.435115,-278.366412,84.305344
1251,-107.435115,-278.366412,84.305344
1252,-107.435115,-278.366412,84.305344
1253,-107.435115,-278.366412,84.305344
1254,-107.435115,-278.366412,84.305344
1255,-87.236641,-207.480916,54.274809
1256,-87.236641,-207.480916,54.274809
1257,-87.236641,-207.480916,54.274809
1258,-87.236641,-207.480916,54.274809
1259,-87.236641,-207.480916,54.274809
1260,-87.236641,-207.480916,54.274809
1261,-87.236641,-207.480916,54.274809
1262,-87.236641,-207.480916,54.274809
1263,-47.465649,-129.557252,35.923664
1264,-47.465649,-129.557252,35.923664
1265,-47.465649,-129.557252,35.923664
1266,-47.465649,-129.557252,35.923664
1267,-47.465649,-129.557252,35.923664
1268,-47.465649,-129.557252,35.923664
1269,-47.465649,-129.557252,35.923664
1270,-47.465649,-129.557252,35.923664
1271,-47.465649,-129.557252,35.923664
1272,-5.893130,-38.076336,12.458015
1273,-5.893130,-38.076336,12.458015
1274,-5.893130,-38.076336,12.458015
1275,-5.893130,-38.076336,12.458015
1276,-5.893130,-38.076336,12.458015
1277,-5.893130,-38.076336,12.458015
1278,-5.893130,-38.076336,12.458015
1279,-5.893130,-38.076336,12.458015
1280,33.893130,27.862595,-11.419847
1281,33.893130,27.862595,-11.419847
1282,33.893130,27.862595,-11.419847
1283,33.893130,27.862595,-11.419847
1284,33.893130,27.862595,-11.419847
1285,33.893130,27.862595,-11.419847
1286,33.893130,27.862595,-11.419847
1287,33.893130,27.862595,-11.419847
1288,83.511450,85.160305,-25.541985
1289,83.511450,85.160305,-25.541985
1290,83.511450,85.160305,-25.541985
1291,83.511450,85.160305,-25.541985
1292,83.511450,85.160305,-25.541985
1293,83.511450,85.160305,-25.541985
1294,83.511450,85.160305,-25.541985
1295,83.511450,85.160305,-25.541985
1296,133.526718,146.778626,-34.000000
1297,133.526718,146.778626,-34.000000
1298,133.526718,146.778626,-34.000000
1299,133.526718,146.778626,-34.000000
1300,133.526718,146.778626,-34.000000
1301,133.526718,146.778626,-34.000000
1302,133.526718,146.778626,-34.000000
1303,133.526718,146.778626,-34.000000
1304,202.793893,223.893130,-40.473282
1305,202.793893,223.893130,-40.473282
1306,202.793893,223.893130,-40.473282
1307,202.793893,223.893130,-40.473282
1308,202.793893,223.893130,-40.473282
1309,202.793893,223.893130,-40.473282
1310,202.793893,223.893130,-40.473282
1311,202.793893,223.893130,-40.473282
1312,271.343511,293.404580,-37.969466
1313,271.343511,293.404580,-37.969466
1314,271.343511,293.404580,-37.969466
1315,271.343511,293.404580,-37.969466
1316,271.343511,293.404580,-37.969466
1317,271.343511,293.404580,-37.969466
1318,271.343511,293.404580,-37.969466
1319,271.343511,293.404580,-37.969466
1320,318.000000,345.099237,-67.664122
1321,318.000000,345.099237,-67.664122
1322,318.000000,345.099237,-67.664122
1323,318.000000,345.099237,-67.664122
1324,318.000000,345.099237,-67.664122
1325,318.000000,345.099237,-67.664122
1326,318.000000,345.099237,-67.664122
1327,318.000000,345.099237,-67.664122
1328,318.000000,345.099237,-67.664122
1329,387.450382,270.442748,-370.503817
1330,387.450382,270.442748,-370.503817
1331,387.450382,270.442748,-370.503817
1332,387.450382,270.442748,-370.503817
1333,387.450382,270.442748,-370.503817
1334,387.450382,270.442748,-370.503817
1335,387.450382,270.442748,-370.503817
1336,387.450382,270.442748,-370.503817
1337,418.595420,429.862595,-218.229008
1338,418.595420,429.862595,-218.229008
1339,418.595420,429.862595,-218.229008
1340,418.595420,429.862595,-218.229008
1341,418.595420,429.862595,-218.229008
1342,418.595420,429.862595,-218.229008
1343,418.595420,429.862595,-218.229008
1344,418.595420,429.862595,-218.229008
1345,405.969466,500.259542,-196.122137
1346,405.969466,500.259542,-196.122137
1347,405.969466,500.259542,-196.122137
1348,405.969466,500.259542,-196.122137
1349,405.969466,500.259542,-196.122137
1350,405.969466,500.259542,-196.122137
1351,405.969466,500.259542,-196.122137
1352,405.969466,500.259542,-196.122137
1353,400.625954,500.259542,-183.053435
1354,400.625954,500.259542,-183.053435
1355,400.625954,500.259542,-183.053435
1356,400.625954,500.259542,-183.053435
1357,400.625954,500.259542,-183.053435
1358,400.625954,500.259542,-183.053435
1359,400.625954,500.259542,-183.053435
1360,400.625954,500.259542,-183.053435
1361,422.809160,500.259542,-203.770992
1362,422.809160,500.259542,-203.770992
1363,422.809160,500.259542,-203.770992
1364,422.809160,500.259542,-203.770992
1365,422.809160,500.259542,-203.770992
1366,422.809160,500.259542,-203.770992
1367,422.809160,500.259542,-203.770992
1368,422.809160,500.259542,-203.770992
1369,438.931298,500.259542,-233.099237
1370,438.931298,500.259542,-233.099237
1371,438.931298,500.259542,-233.099237
1372,438.931298,500.259542,-233.099237
1373,438.931298,500.259542,-233.099237
1374,438.931298,500.259542,-233.099237
1375,438.931298,500.259542,-233.099237
1376,438.931298,500.259542,-233.099237
1377,451.480916,500.259542,-247.007634
1378,451.480916,500.259542,-247.007634
1379,451.480916,500.259542,-247.007634
1380,451.480916,500.259542,-247.007634
1381,451.480916,500.259542,-247.007634
1382,451.480916,500.259542,-247.007634
1383,451.480916,500.259542,-247.007634
1384,451.480916,500.259542,-247.007634
1385,451.480916,500.259542,-247.007634
1386,467.893130,500.259542,-257.786260
1387,467.893130,500.259542,-257.786260
1388,467.893130,500.259542,-257.786260
1389,467.893130,500.259542,-257.786260
1390,467.893130,500.259542,-257.786260
1391,467.893130,500.259542,-257.786260
1392,467.893130,500.259542,-257.786260
1393,467.893130,500.259542,-257.786260
1394,486.000000,500.259542,-267.022901
1395,486.000000,500.259542,-267.022901
1396,486.000000,500.259542,-267.022901
1397,486.000000,500.259542,-267.022901
1398,486.000000,500.259542,-267.022901
1399,486.000000,500.259542,-267.022901
1400,486.000000,500.259542,-267.022901
1401,486.000000,500.259542,-267.022901
1402,500.259542,500.259542,-275.480916
1403,500.259542,500.259542,-275.480916
1404,500.259542,500.259542,-275.480916
1405,500.259542,500.259542,-275.480916
1406,500.259542,500.259542,-275.480916
1407,500.259542,500.259542,-275.480916
1408,500.259542,500.259542,-275.480916
1409,500.259542,500.259542,-275.480916
1410,500.259542,500.259542,-285.572519
1411,500.259542,500.259542,-285.572519
1412,500.259542,500.259542,-285.572519
1413,500.259542,500.259542,-285.572519
1414,500.259542,500.259542,-285.572519
1415,500.259542,500.259542,-285.572519
1416,500.259542,500.259542,-285.572519
1417,500.259542,500.259542,-285.572519
1418,500.259542,500.259542,-278.061069
1419,500.259542,500.259542,-278.061069
1420,500.259542,500.259542,-278.061069
1421,500.259542,500.259542,-278.061069
1422,500.259542,500.259542,-278.061069
1423,500.259542,500.259542,-278.061069
1424,500.259542,500.259542,-278.061069
1425,500.259542,500.259542,-278.061069
1426,500.259542,500.259542,-277.572519
1427,500.259542,500.259542,-277.572519
1428,500.259542,500.259542,-277.572519
1429,500.259542,500.259542,-277.572519
1430,500.259542,500.259542,-277.572519
1431,500.259542,500.259542,-277.572519
1432,500.259542,500.259542,-277.572519
1433,500.259542,500.259542,-277.572519
1434,500.259542,500.259542,-269.160305
1435,500.259542,500.259542,-269.160305
1436,500.259542,500.259542,-269.160305
1437,500.259542,500.259542,-269.160305
1438,500.259542,500.259542,-269.160305
1439,500.259542,500.259542,-269.160305
1440,500.259542,500.259542,-269.160305
1441,500.259542,500.259542,-269.160305
1442,500.259542,500.259542,-256.137405
1443,500.259542,500.259542,-256.137405
1444,500.259542,500.259542,-256.137405
1445,500.259542,500.259542,-256.137405
1446,500.259542,500.259542,-256.137405
1447,500.259542,500.259542,-256.137405
1448,500.259542,500.259542,-256.137405
1449,500.259542,500.259542,-256.137405
1450,500.259542,500.259542,-256.137405
1451,500.259542,500.259542,-233.969466
1452,500.259542,500.259542,-233.969466
1453,500.259542,500.259542,-233.969466
1454,500.259542,500.259542,-233.969466
1455,500.259542,500.259542,-233.969466
1456,500.259542,500.259542,-233.969466
1457,500.259542,500.259542,-233.969466
1458,500.259542,500.259542,-233.969466
1459,500.259542,500.259542,-198.167939
1460,500.259542,500.259542,-198.167939
1461,500.259542,500.259542,-198.167939
1462,500.259542,500.259542,-198.167939
1463,500.259542,500.259542,-198.167939
1464,500.259542,500.259542,-198.167939
1465,500.259542,500.259542,-198.167939
1466,500.259542,500.259542,-198.167939
1467,469.312977,500.259542,-189.190840
1468,469.312977,500.259542,-189.190840
1469,469.312977,500.259542,-189.190840
1470,469.312977,500.259542,-189.190840
1471,469.312977,500.259542,-189.190840
1472,469.312977,500.259542,-189.190840
1473,469.312977,500.259542,-189.190840
1474,469.312977,500.259542,-189.190840
1475,444.809160,500.259542,-186.351145
1476,444.809160,500.259542,-186.351145
1477,444.809160,500.259542,-186.351145
1478,444.809160,500.259542,-186.351145
1479,444.809160,500.259542,-186.351145
1480,444.809160,500.259542,-186.351145
1481,444.809160,500.259542,-186.351145
1482,444.809160,500.259542,-186.351145
1483,404.488550,498.061069,-170.167939
1484,404.488550,498.061069,-170.167939
1485,404.488550,498.061069,-170.167939
1486,404.488550,498.061069,-170.167939
1487,404.488550,498.061069,-170.167939
1488,404.488550,498.061069,-170.167939
1489,404.488550,498.061069,-170.167939
1490,404.488550,498.061069,-170.167939
1491,356.564885,408.396947,-159.007634
1492,356.564885,408.396947,-159.007634
1493,356.564885,408.396947,-159.007634
1494,356.564885,408.396947,-159.007634
1495,356.564885,408.396947,-159.007634
1496,356.564885,408.396947,-159.007634
1497,356.564885,408.396947,-159.007634
1498,356.564885,408.396947,-159.007634
1499,332.152672,417.236641,-154.351145
1500,332.152672,417.236641,-154.351145
1501,332.152672,417.236641,-154.351145
1502,332.152672,417.236641,-154.351145
1503,332.152672,417.236641,-154.351145
1504,332.152672,417.236641,-154.351145
1505,332.152672,417.236641,-154.351145
1506,332.152672,417.236641,-154.351145
1507,332.152672,417.236641,-154.351145
1508,309.053435,394.167939,-145.770992
1509,309.053435,394.167939,-145.770992
1510,309.053435,394.167939,-145.770992
1511,309.053435,394.167939,-145.770992
1512,309.053435,394.167939,-145.770992
1513,309.053435,394.167939,-145.770992
1514,309.053435,394.167939,-145.770992
1515,309.053435,394.167939,-145.770992
1516,264.427481,380.610687,-140.870229
1517,264.427481,380.610687,-140.870229
1518,264.427481,380.610687,-140.870229
1519,264.427481,380.610687,-140.870229
1520,264.427481,380.610687,-140.870229
1521,264.427481,380.610687,-140.870229
1522,264.427481,380.610687,-140.870229
1523,264.427481,380.610687,-140.870229
1524,223.236641,360.137405,-128.473282
1525,223.236641,360.137405,-128.473282
1526,223.236641,360.137405,-128.473282
1527,223.236641,360.137405,-128.473282
1528,223.236641,360.137405,-128.473282
1529,223.236641,360.137405,-128.473282
1530,223.236641,360.137405,-128.473282
1531,223.236641,360.137405,-128.473282
1532,172.854962,272.183206,-103.374046
1533,172.854962,272.183206,-103.374046
1534,172.854962,272.183206,-103.374046
1535,172.854962,272.183206,-103.374046
1536,172.854962,272.183206,-103.374046
1537,172.854962,272.183206,-103.374046
1538,172.854962,272.183206,-103.374046
1539,172.854962,272.183206,-103.374046
1540,126.580153,190.259542,-79.511450
1541,126.580153,190.259542,-79.511450
1542,126.580153,190.259542,-79.511450
1543,126.580153,190.259542,-79.511450
1544,126.580153,190.259542,-79.511450
1545,126.580153,190.259542,-79.511450
1546,126.580153,190.259542,-79.511450
1547,126.580153,190.259542,-79.511450
1548,83.648855,153.770992,-56.183206
1549,83.648855,153.770992,-56.183206
1550,83.648855,153.770992,-56.183206
1551,83.648855,153.770992,-56.183206
1552,83.648855,153.770992,-56.183206
1553,83.648855,153.770992,-56.183206
1554,83.648855,153.770992,-56.183206
1555,83.648855,153.770992,-56.183206
1556,25.358779,67.389313,-35.648855
1557,25.358779,67.389313,-35.648855
1558,25.358779,67.389313,-35.648855
1559,25.358779,67.389313,-35.648855
1560,25.358779,67.389313,-35.648855
1561,25.358779,67.389313,-35.648855
1562,25.358779,67.389313,-35.648855
1563,25.358779,67.389313,-35.648855
1564,25.358779,67.389313,-35.648855
1565,-36.534351,-17.908397,-19.862595
1566,-36.534351,-17.908397,-19.862595
1567,-36.534351,-17.908397,-19.862595
1568,-36.534351,-17.908397,-19.862595
1569,-36.534351,-17.908397,-19.862595
1570,-36.534351,-17.908397,-19.862595
1571,-36.534351,-17.908397,-19.862595
1572,-36.534351,-17.908397,-19.862595
1573,-70.763359,-75.389313,4.702290
1574,-70.763359,-75.389313,4.702290
1575,-70.763359,-75.389313,4.702290
1576,-70.763359,-75.389313,4.702290
1577,-70.763359,-75.389313,4.702290
1578,-70.763359,-75.389313,4.702290
1579,-70.763359,-75.389313,4.702290
1580,-70.763359,-75.389313,4.702290
1581,-132.687023,-158.305344,26.992366
1582,-132.687023,-158.305344,26.992366
1583,-132.687023,-158.305344,26.992366
1584,-132.687023,-158.305344,26.992366
1585,-132.687023,-158.305344,26.992366
1586,-132.687023,-158.305344,26.992366
1587,-132.687023,-158.305344,26.992366
1588,-132.687023,-158.305344,26.992366
1589,-188.412214,-308.961832,68.183206
1590,-188.412214,-308.961832,68.183206
1591,-188.412214,-308.961832,68.183206
1592,-188.412214,-308.961832,68.183206
1593,-188.412214,-308.961832,68.183206
1594,-188.412214,-308.961832,68.183206
1595,-188.412214,-308.961832,68.183206
1596,-188.412214,-308.961832,68.183206
1597,-260.244275,-372.488550,72.320611
1598,-260.244275,-372.488550,72.320611
1599,-260.244275,-372.488550,72.320611
1600,-260.244275,-372.488550,72.320611
1601,-260.244275,-372.488550,72.320611
1602,-260.244275,-372.488550,72.320611
1603,-260.244275,-372.488550,72.320611
1604,-260.244275,-372.488550,72.320611
1605,-281.557252,-450.290076,105.022901
1606,-281.557252,-450.290076,105.022901
1607,-281.557252,-450.290076,105.022901
1608,-281.557252,-450.290076,105.022901
1609,-281.557252,-450.290076,105.022901
1610,-281.557252,-450.290076,105.022901
1611,-281.557252,-450.290076,105.022901
1612,-281.557252,-450.290076,105.022901
1613,-315.633588,-499.083969,128.137405
1614,-315.633588,-499.083969,128.137405
1615,-315.633588,-499.083969,128.137405
1616,-315.633588,-499.083969,128.137405
1617,-315.633588,-499.083969,128.137405
1618,-315.633588,-499.083969,128.137405
1619,-315.633588,-499.083969,128.137405
1620,-315.633588,-499.083969,128.137405
1621,-335.312977,-500.274809,145.358779
1622,-335.312977,-500.274809,145.358779
1623,-335.312977,-500.274809,145.358779
1624,-335.312977,-500.274809,145.358779
1625,-335.312977,-500.274809,145.358779
1626,-335.312977,-500.274809,145.358779
1627,-335.312977,-500.274809,145.358779
1628,-335.312977,-500.274809,145.358779
1629,-335.312977,-500.274809,145.358779
1630,-381.267176,-500.274809,162.458015
1631,-381.267176,-500.274809,162.458015
1632,-381.267176,-500.274809,162.458015
1633,-381.267176,-500.274809,162.458015
1634,-381.267176,-500.274809,162.458015
1635,-381.267176,-500.274809,162.458015
1636,-381.267176,-500.274809,162.458015
1637,-381.267176,-500.274809,162.458015
1638,-398.824427,-500.274809,161.587786
1639,-398.824427,-500.274809,161.587786
1640,-398.824427,-500.274809,161.587786
1641,-398.824427,-500.274809,161.587786
1642,-398.824427,-500.274809,161.587786
1643,-398.824427,-500.274809,161.587786
1644,-398.824427,-500.274809,161.587786
1645,-398.824427,-500.274809,161.587786
1646,-413.725191,-500.274809,159.541985
1647,-413.725191,-500.274809,159.541985
1648,-413.725191,-500.274809,159.541985
1649,-413.725191,-500.274809,159.541985
1650,-413.725191,-500.274809,159.541985
1651,-413.725191,-500.274809,159.541985
1652,-413.725191,-500.274809,159.541985
1653,-413.725191,-500.274809,159.541985
1654,-424.122137,-500.274809,161.847328
1655,-424.122137,-500.274809,161.847328
1656,-424.122137,-500.274809,161.847328
1657,-424.122137,-500.274809,161.847328
1658,-424.122137,-500.274809,161.847328
1659,-424.122137,-500.274809,161.847328
1660,-424.122137,-500.274809,161.847328
1661,-424.122137,-500.274809,161.847328
1662,-419.190840,-500.274809,170.977099
1663,-419.190840,-500.274809,170.977099
1664,-419.190840,-500.274809,170.977099
1665,-419.190840,-500.274809,170.977099
1666,-419.190840,-500.274809,170.977099
1667,-419.190840,-500.274809,170.977099
1668,-419.190840,-500.274809,170.977099
1669,-419.190840,-500.274809,170.977099
1670,-438.244275,-500.274809,193.938931
1671,-438.244275,-500.274809,193.938931
1672,-438.244275,-500.274809,193.938931
1673,-438.244275,-500.274809,193.938931
1674,-438.244275,-500.274809,193.938931
1675,-438.244275,-500.274809,193.938931
1676,-438.244275,-500.274809,193.938931
1677,-438.244275,-500.274809,193.938931
1678,-442.305344,-500.274809,200.580153
1679,-442.305344,-500.274809,200.580153
1680,-442.305344,-500.274809,200.580153
1681,-442.305344,-500.274809,200.580153
1682,-442.305344,-500.274809,200.580153
1683,-442.305344,-500.274809,200.580153
1684,-442.305344,-500.274809,200.580153
1685,-442.305344,-500.274809,200.580153
1686,-442.305344,-500.274809,200.580153
1687,-419.648855,-500.274809,218.167939
1688,-419.648855,-500.274809,218.167939
1689,-419.648855,-500.274809,218.167939
1690,-419.648855,-500.274809,218.167939
1691,-419.648855,-500.274809,218.167939
1692,-419.648855,-500.274809,218.167939
1693,-419.648855,-500.274809,218.167939
1694,-419.648855,-500.274809,218.167939
1695,-394.198473,-500.274809,230.503817
1696,-394.198473,-500.274809,230.503817
1697,-394.198473,-500.274809,230.503817
1698,-394.198473,-500.274809,230.503817
1699,-394.198473,-500.274809,230.503817
1700,-394.198473,-500.274809,230.503817
1701,-394.198473,-500.274809,230.503817
1702,-394.198473,-500.274809,230.503817
1703,-367.190840,-500.274809,236.427481
1704,-367.190840,-500.274809,236.427481
1705,-367.190840,-500.274809,236.427481
1706,-367.190840,-500.274809,236.427481
1707,-367.190840,-500.274809,236.427481
1708,-367.190840,-500.274809,236.427481
1709,-367.190840,-500.274809,236.427481
1710,-367.190840,-500.274809,236.427481
1711,-329.145038,-500.274809,246.061069
1712,-329.145038,-500.274809,246.061069
1713,-329.145038,-500.274809,246.061069
1714,-329.145038,-500.274809,246.061069
1715,-329.145038,-500.274809,246.061069
1716,-329.145038,-500.274809,246.061069
1717,-329.145038,-500.274809,246.061069
1718,-329.145038,-500.274809,246.061069
1719,-289.282443,-500.274809,246.854962
1720,-289.282443,-500.274809,246.854962
1721,-289.282443,-500.274809,246.854962
1722,-289.282443,-500.274809,246.854962
1723,-289.282443,-500.274809,246.854962
1724,-289.282443,-500.274809,246.854962
1725,-289.282443,-500.274809,246.854962
1726,-289.282443,-500.274809,246.854962
1727,-259.267176,-500.274809,239.267176
1728,-259.267176,-500.274809,239.267176
1729,-259.267176,-500.274809,239.267176
1730,-259.267176,-500.274809,239.267176
1731,-259.267176,-500.274809,239.267176
1732,-259.267176,-500.274809,239.267176
1733,-259.267176,-500.274809,239.267176
1734,-259.267176,-500.274809,239.267176
1735,-225.129771,-500.274809,226.671756
1736,-225.129771,-500.274809,226.671756
1737,-225.129771,-500.274809,226.671756
1738,-225.129771,-500.274809,226.671756
1739,-225.129771,-500.274809,226.671756
1740,-225.129771,-500.274809,226.671756
1741,-225.129771,-500.274809,226.671756
1742,-225.129771,-500.274809,226.671756
1743,-178.213740,-469.877863,206.259542
1744,-178.213740,-469.877863,206.259542
1745,-178.213740,-469.877863,206.259542
1746,-178.213740,-469.877863,206.259542
1747,-178.213740,-469.877863,206.259542
1748,-178.213740,-469.877863,206.259542
1749,-178.213740,-469.877863,206.259542
1750,-178.213740,-469.877863,206.259542
1751,-178.213740,-469.877863,206.259542
1752,-132.274809,-378.870229,177.526718
1753,-132.274809,-378.870229,177.526718
1754,-132.274809,-378.870229,177.526718
1755,-132.274809,-378.870229,177.526718
1756,-132.274809,-378.870229,177.526718
1757,-132.274809,-378.870229,177.526718
1758,-132.274809,-378.870229,177.526718
1759,-132.274809,-378.870229,177.526718
1760,-88.335878,-298.076336,155.038168
1761,-88.335878,-298.076336,155.038168
1762,-88.335878,-298.076336,155.038168
1763,-88.335878,-298.076336,155.038168
1764,-88.335878,-298.076336,155.038168
1765,-88.335878,-298.076336,155.038168
1766,-88.335878,-298.076336,155.038168
1767,-88.335878,-298.076336,155.038168
1768,-58.778626,-233.038168,126.916031
1769,-58.778626,-233.038168,126.916031
1770,-58.778626,-233.038168,126.916031
1771,-58.778626,-233.038168,126.916031
1772,-58.778626,-233.038168,126.916031
1773,-58.778626,-233.038168,126.916031
1774,-58.778626,-233.038168,126.916031
1775,-58.778626,-233.038168,126.916031
1776,-34.244275,-173.832061,98.335878
1777,-34.244275,-173.832061,98.335878
1778,-34.244275,-173.832061,98.335878
1779,-34.244275,-173.832061,98.335878
1780,-34.244275,-173.832061,98.335878
1781,-34.244275,-173.832061,98.335878
1782,-34.244275,-173.832061,98.335878
1783,-34.244275,-173.832061,98.335878
1784,-13.740458,-125.633588,76.946565
1785,-13.740458,-125.633588,76.946565
1786,-13.740458,-125.633588,76.946565
1787,-13.740458,-125.633588,76.946565
1788,-13.740458,-125.633588,76.946565
1789,-13.740458,-125.633588,76.946565
1790,-13.740458,-125.633588,76.946565
1791,-13.740458,-125.633588,76.946565
1792,-7.404580,-108.503817,63.511450
1793,-7.404580,-108.503817,63.511450
1794,-7.404580,-108.503817,63.511450
1795,-7.404580,-108.503817,63.511450
1796,-7.404580,-108.503817,63.511450
1797,-7.404580,-108.503817,63.511450
1798,-7.404580,-108.503817,63.511450
1799,-7.404580,-108.503817,63.511450
1800,-13.816794,-87.526718,43.419847
1801,-13.816794,-87.526718,43.419847
1802,-13.816794,-87.526718,43.419847
1803,-13.816794,-87.526718,43.419847
1804,-13.816794,-87.526718,43.419847
1805,-13.816794,-87.526718,43.419847
1806,-13.816794,-87.526718,43.419847
1807,-13.816794,-87.526718,43.419847
1808,-13.816794,-87.526718,43.419847
1809,-0.412214,-62.961832,33.190840
1810,-0.412214,-62.961832,33.190840
1811,-0.412214,-62.961832,33.190840
1812,-0.412214,-62.961832,33.190840
1813,-0.412214,-62.961832,33.190840
1814,-0.412214,-62.961832,33.190840
1815,-0.412214,-62.961832,33.190840
1816,-0.412214,-62.961832,33.190840
1817,15.770992,-33.404580,25.984733
1818,15.770992,-33.404580,25.984733
1819,15.770992,-33.404580,25.984733
1820,15.770992,-33.404580,25.984733
1821,15.770992,-33.404580,25.984733
1822,15.770992,-33.404580,25.984733
1823,15.770992,-33.404580,25.984733
1824,15.770992,-33.404580,25.984733
1825,32.854962,14.625954,13.816794
1826,32.854962,14.625954,13.816794
1827,32.854962,14.625954,13.816794
1828,32.854962,14.625954,13.816794
1829,32.854962,14.625954,13.816794
1830,32.854962,14.625954,13.816794
1831,32.854962,14.625954,13.816794
1832,32.854962,14.625954,13.816794
1833,55.465649,68.931298,-3.770992
1834,55.465649,68.931298,-3.770992
1835,55.465649,68.931298,-3.770992
1836,55.465649,68.931298,-3.770992
1837,55.465649,68.931298,-3.770992
1838,55.465649,68.931298,-3.770992
1839,55.465649,68.931298,-3.770992
1840,55.465649,68.931298,-3.770992
1841,91.801527,130.030534,-23.648855
1842,91.801527,130.030534,-23.648855
1843,91.801527,130.030534,-23.648855
1844,91.801527,130.030534,-23.648855
1845,91.801527,130.030534,-23.648855
1846,91.801527,130.030534,-23.648855
1847,91.801527,130.030534,-23.648855
1848,91.801527,130.030534,-23.648855
1849,132.793893,205.832061,-45.908397
1850,132.793893,205.832061,-45.908397
1851,132.793893,205.832061,-45.908397
1852,132.793893,205.832061,-45.908397
1853,132.793893,205.832061,-45.908397
1854,132.793893,205.832061,-45.908397
1855,132.793893,205.832061,-45.908397
1856,132.793893,205.832061,-45.908397
1857,174.106870,280.961832,-67.099237
1858,174.106870,280.961832,-67.099237
1859,174.106870,280.961832,-67.099237
1860,174.106870,280.961832,-67.099237
1861,174.106870,280.961832,-67.099237
1862,174.106870,280.961832,-67.099237
1863,174.106870,280.961832,-67.099237
1864,174.106870,280.961832,-67.099237
1865,174.106870,280.961832,-67.099237
1866,216.809160,347.954198,-69.862595
1867,216.809160,347.954198,-69.862595
1868,216.809160,347.954198,-69.862595
1869,216.809160,347.954198,-69.862595
1870,216.809160,347.954198,-69.862595
1871,216.809160,347.954198,-69.862595
1872,216.809160,347.954198,-69.862595
1873,216.809160,347.954198,-69.862595
1874,261.587786,441.236641,-77.312977
1875,261.587786,441.236641,-77.312977
1876,261.587786,441.236641,-77.312977
1877,261.587786,441.236641,-77.312977
1878,261.587786,441.236641,-77.312977
1879,261.587786,441.236641,-77.312977
1880,261.587786,441.236641,-77.312977
1881,261.587786,441.236641,-77.312977
1882,309.648855,500.259542,-111.923664
1883,309.648855,500.259542,-111.923664
1884,309.648855,500.259542,-111.923664
1885,309.648855,500.259542,-111.923664
1886,309.648855,500.259542,-111.923664
1887,309.648855,500.259542,-111.923664
1888,309.648855,500.259542,-111.923664
1889,309.648855,500.259542,-111.923664
1890,343.633588,500.259542,-140.229008
1891,343.633588,500.259542,-140.229008
1892,343.633588,500.259542,-140.229008
1893,343.633588,500.259542,-140.229008
1894,343.633588,500.259542,-140.229008
1895,343.633588,500.259542,-140.229008
1896,343.633588,500.259542,-140.229008
1897,343.633588,500.259542,-140.229008
1898,353.465649,500.259542,-158.778626
1899,353.465649,500.259542,-158.778626
1900,353.465649,500.259542,-158.778626
1901,353.465649,500.259542,-158.778626
1902,353.465649,500.259542,-158.778626
1903,353.465649,500.259542,-158.778626
1904,353.465649,500.259542,-158.778626
1905,353.465649,500.259542,-158.778626
1906,367.175573,500.259542,-173.206107
1907,367.175573,500.259542,-173.206107
1908,367.175573,500.259542,-173.206107
1909,367.175573,500.259542,-173.206107
1910,367.175573,500.259542,-173.206107
1911,367.175573,500.259542,-173.206107
1912,367.175573,500.259542,-173.206107
1913,367.175573,500.259542,-173.206107
1914,375.511450,500.259542,-196.946565
1915,375.511450,500.259542,-196.946565
1916,375.511450,500.259542,-196.946565
1917,375.511450,500.259542,-196.946565
1918,375.511450,500.259542,-196.946565
1919,375.511450,500.259542,-196.946565
1920,375.511450,500.259542,-196.946565
1921,375.511450,500.259542,-196.946565
1922,375.511450,500.259542,-196.946565
1923,387.801527,500.259542,-212.427481
1924,387.801527,500.259542,-212.427481
1925,387.801527,500.259542,-212.427481
1926,387.801527,500.259542,-212.427481
1927,387.801527,500.259542,-212.427481
1928,387.801527,500.259542,-212.427481
1929,387.801527,500.259542,-212.427481
1930,387.801527,500.259542,-212.427481
1931,399.038168,500.259542,-223.877863
1932,399.038168,500.259542,-223.877863
1933,399.038168,500.259542,-223.877863
1934,399.038168,500.259542,-223.877863
1935,399.038168,500.259542,-223.877863
1936,399.038168,500.259542,-223.877863
1937,399.038168,500.259542,-223.877863
1938,399.038168,500.259542,-223.877863
1939,403.465649,500.259542,-231.801527
1940,403.465649,500.259542,-231.801527
1941,403.465649,500.259542,-231.801527
1942,403.465649,500.259542,-231.801527
1943,403.465649,500.259542,-231.801527
1944,403.465649,500.259542,-231.801527
1945,403.465649,500.259542,-231.801527
1946,403.465649,500.259542,-231.801527
1947,402.122137,500.259542,-233.450382
1948,402.122137,500.259542,-233.450382
1949,402.122137,500.259542,-233.450382
1950,402.122137,500.259542,-233.450382
1951,402.122137,500.259542,-233.450382
1952,402.122137,500.259542,-233.450382
1953,402.122137,500.259542,-233.450382
1954,402.122137,500.259542,-233.450382
1955,405.877863,500.259542,-225.312977
1956,405.877863,500.259542,-225.312977
1957,405.877863,500.259542,-225.312977
1958,405.877863,500.259542,-225.312977
1959,405.877863,500.259542,-225.312977
1960,405.877863,500.259542,-225.312977
1961,405.877863,500.259542,-225.312977
1962,405.877863,500.259542,-225.312977
1963,395.236641,500.259542,-216.809160
1964,395.236641,500.259542,-216.809160
1965,395.236641,500.259542,-216.809160
1966,395.236641,500.259542,-216.809160
1967,395.236641,500.259542,-216.809160
1968,395.236641,500.259542,-216.809160
1969,395.236641,500.259542,-216.809160
1970,395.236641,500.259542,-216.809160
1971,366.748092,500.259542,-211.679389
1972,366.748092,500.259542,-211.679389
1973,366.748092,500.259542,-211.679389
1974,366.748092,500.259542,-211.679389
1975,366.748092,500.259542,-211.679389
1976,366.748092,500.259542,-211.679389
1977,366.748092,500.259542,-211.679389
1978,366.748092,500.259542,-211.679389
1979,366.748092,500.259542,-211.679389
1980,344.534351,500.259542,-198.519084
1981,344.534351,500.259542,-198.519084
1982,344.534351,500.259542,-198.519084
1983,344.534351,500.259542,-198.519084
1984,344.534351,500.259542,-198.519084
1985,344.534351,500.259542,-198.519084
1986,344.534351,500.259542,-198.519084
1987,344.534351,500.259542,-198.519084
1988,315.450382,450.000000,-194.152672
1989,315.450382,450.000000,-194.152672
1990,315.450382,450.000000,-194.152672
1991,315.450382,450.000000,-194.152672
1992,315.450382,450.000000,-194.152672
1993,315.450382,450.000000,-194.152672
1994,315.450382,450.000000,-194.152672
1995,315.450382,450.000000,-194.152672
1996,292.564885,412.061069,-188.198473
1997,292.564885,412.061069,-188.198473
1998,292.564885,412.061069,-188.198473
1999,292.564885,412.061069,-188.198473
2000,292.564885,412.061069,-188.198473