1,4.290076,-4.412214,-3.374046
2,4.290076,-4.412214,-3.374046
3,4.290076,-4.412214,-3.374046
4,4.290076,-4.412214,-3.374046
5,4.290076,-4.412214,-3.374046
6,4.290076,-4.412214,-3.374046
7,4.595420,-4.412214,-3.374046
8,4.595420,-4.412214,-3.374046
9,4.595420,-4.412214,-3.374046
10,4.595420,-4.412214,-3.374046
11,4.595420,-4.412214,-3.374046
12,4.595420,-4.412214,-3.374046
13,4.595420,-4.412214,-3.374046
14,4.595420,-4.412214,-3.374046
15,4.213740,-4.687023,-3.328244
16,4.213740,-4.687023,-3.328244
17,4.213740,-4.687023,-3.328244
18,4.213740,-4.687023,-3.328244
19,4.213740,-4.687023,-3.328244
20,4.213740,-4.687023,-3.328244
21,4.213740,-4.687023,-3.328244
22,4.213740,-4.687023,-3.328244
23,4.213740,-4.687023,-3.328244
24,4.320611,-4.549618,-3.190840
25,4.320611,-4.549618,-3.190840
26,4.320611,-4.549618,-3.190840
27,4.320611,-4.549618,-3.190840
28,4.320611,-4.549618,-3.190840
29,4.320611,-4.549618,-3.190840
30,4.320611,-4.549618,-3.190840
31,4.320611,-4.549618,-3.190840
32,4.229008,-4.503817,-3.236641
33,4.229008,-4.503817,-3.236641
34,4.229008,-4.503817,-3.236641
35,4.229008,-4.503817,-3.236641
36,4.229008,-4.503817,-3.236641
37,4.229008,-4.503817,-3.236641
38,4.229008,-4.503817,-3.236641
39,4.229008,-4.503817,-3.236641
40,4.320611,-4.381679,-3.236641
41,4.320611,-4.381679,-3.236641
42,4.320611,-4.381679,-3.236641
43,4.320611,-4.381679,-3.236641
44,4.320611,-4.381679,-3.236641
45,4.320611,-4.381679,-3.236641
46,4.320611,-4.381679,-3.236641
47,4.320611,-4.381679,-3.236641
48,4.335878,-4.458015,-3.328244
49,4.335878,-4.458015,-3.328244
50,4.335878,-4.458015,-3.328244
51,4.335878,-4.458015,-3.328244
52,4.335878,-4.458015,-3.328244
53,4.335878,-4.458015,-3.328244
54,4.335878,-4.458015,-3.328244
55,4.335878,-4.458015,-3.328244
56,4.290076,-4.335878,-3.404580
57,4.290076,-4.335878,-3.404580
58,4.290076,-4.335878,-3.404580
59,4.290076,-4.335878,-3.404580
60,4.290076,-4.335878,-3.404580
61,4.290076,-4.335878,-3.404580
62,4.290076,-4.335878,-3.404580
63,4.290076,-4.335878,-3.404580
64,4.366412,-4.503817,-3.129771
65,4.366412,-4.503817,-3.129771
66,4.366412,-4.503817,-3.129771
67,4.366412,-4.503817,-3.129771
68,4.366412,-4.503817,-3.129771
69,4.366412,-4.503817,-3.129771
70,4.366412,-4.503817,-3.129771
71,4.366412,-4.503817,-3.129771
72,4.305344,-4.625954,-3.358779
73,4.305344,-4.625954,-3.358779
74,4.305344,-4.625954,-3.358779
75,4.305344,-4.625954,-3.358779
76,4.305344,-4.625954,-3.358779
77,4.305344,-4.625954,-3.358779
78,4.305344,-4.625954,-3.358779
79,4.305344,-4.625954,-3.358779
80,4.305344,-4.625954,-3.358779
81,4.244275,-4.458015,-3.282443
82,4.244275,-4.458015,-3.282443
83,4.244275,-4.458015,-3.282443
84,4.244275,-4.458015,-3.282443
85,4.244275,-4.458015,-3.282443
86,4.244275,-4.458015,-3.282443
87,4.244275,-4.458015,-3.282443
88,4.244275,-4.458015,-3.282443
89,4.290076,-4.442748,-3.312977
90,4.290076,-4.442748,-3.312977
91,4.290076,-4.442748,-3.312977
92,4.290076,-4.442748,-3.312977
93,4.290076,-4.442748,-3.312977
94,4.290076,-4.442748,-3.312977
95,4.290076,-4.442748,-3.312977
96,4.290076,-4.442748,-3.312977
97,4.412214,-4.549618,-3.282443
98,4.412214,-4.549618,-3.282443
99,4.412214,-4.549618,-3.282443
100,4.412214,-4.549618,-3.282443
101,4.412214,-4.549618,-3.282443
102,4.412214,-4.549618,-3.282443
103,4.412214,-4.549618,-3.282443
104,4.412214,-4.549618,-3.282443
105,4.320611,-4.396947,-3.404580
106,4.320611,-4.396947,-3.404580
107,4.320611,-4.396947,-3.404580
108,4.320611,-4.396947,-3.404580
109,4.320611,-4.396947,-3.404580
110,4.320611,-4.396947,-3.404580
111,4.320611,-4.396947,-3.404580
112,4.320611,-4.396947,-3.404580
113,4.366412,-4.366412,-3.190840
114,4.366412,-4.366412,-3.190840
115,4.366412,-4.366412,-3.190840
116,4.366412,-4.366412,-3.190840
117,4.366412,-4.366412,-3.190840
118,4.366412,-4.366412,-3.190840
119,4.366412,-4.366412,-3.190840
120,4.366412,-4.366412,-3.190840
121,4.381679,-4.351145,-3.343511
122,4.381679,-4.351145,-3.343511
123,4.381679,-4.351145,-3.343511
124,4.381679,-4.351145,-3.343511
125,4.381679,-4.351145,-3.343511
126,4.381679,-4.351145,-3.343511
127,4.381679,-4.351145,-3.343511
128,4.381679,-4.351145,-3.343511
129,4.396947,-4.458015,-3.435115
130,4.396947,-4.458015,-3.435115
131,4.396947,-4.458015,-3.435115
132,4.396947,-4.458015,-3.435115
133,4.396947,-4.458015,-3.435115
134,4.396947,-4.458015,-3.435115
135,4.396947,-4.458015,-3.435115
136,4.396947,-4.458015,-3.435115
137,4.396947,-4.458015,-3.435115
138,4.320611,-4.534351,-3.267176
139,4.320611,-4.534351,-3.267176
140,4.320611,-4.534351,-3.267176
141,4.320611,-4.534351,-3.267176
142,4.320611,-4.534351,-3.267176
143,4.320611,-4.534351,-3.267176
144,4.320611,-4.534351,-3.267176
145,4.320611,-4.534351,-3.267176
146,4.305344,-4.503817,-3.267176
147,4.305344,-4.503817,-3.267176
148,4.305344,-4.503817,-3.267176
149,4.305344,-4.503817,-3.267176
150,4.305344,-4.503817,-3.267176
151,4.305344,-4.503817,-3.267176
152,4.305344,-4.503817,-3.267176
153,4.305344,-4.503817,-3.267176
154,4.366412,-4.488550,-3.282443
155,4.366412,-4.488550,-3.282443
156,4.366412,-4.488550,-3.282443
157,4.366412,-4.488550,-3.282443
158,4.366412,-4.488550,-3.282443
159,4.366412,-4.488550,-3.282443
160,4.366412,-4.488550,-3.282443
161,4.366412,-4.488550,-3.282443
162,4.274809,-4.503817,-3.419847
163,4.274809,-4.503817,-3.419847
164,4.274809,-4.503817,-3.419847
165,4.274809,-4.503817,-3.419847
166,4.274809,-4.503817,-3.419847
167,4.274809,-4.503817,-3.419847
168,4.274809,-4.503817,-3.419847
169,4.274809,-4.503817,-3.419847
170,4.335878,-4.503817,-3.267176
171,4.335878,-4.503817,-3.267176
172,4.335878,-4.503817,-3.267176
173,4.335878,-4.503817,-3.267176
174,4.335878,-4.503817,-3.267176
175,4.335878,-4.503817,-3.267176
176,4.335878,-4.503817,-3.267176
177,4.335878,-4.503817,-3.267176
178,4.305344,-4.580153,-3.450382
179,4.305344,-4.580153,-3.450382
180,4.305344,-4.580153,-3.450382
181,4.305344,-4.580153,-3.450382
182,4.305344,-4.580153,-3.450382
183,4.305344,-4.580153,-3.450382
184,4.305344,-4.580153,-3.450382
185,4.305344,-4.580153,-3.450382
186,4.305344,-4.595420,-3.358779
187,4.305344,-4.595420,-3.358779
188,4.305344,-4.595420,-3.358779
189,4.305344,-4.595420,-3.358779
190,4.305344,-4.595420,-3.358779
191,4.305344,-4.595420,-3.358779
192,4.305344,-4.595420,-3.358779
193,4.305344,-4.595420,-3.358779
194,4.305344,-4.595420,-3.358779
195,4.167939,-4.564885,-3.496183
196,4.167939,-4.564885,-3.496183
197,4.167939,-4.564885,-3.496183
198,4.167939,-4.564885,-3.496183
199,4.167939,-4.564885,-3.496183
200,4.167939,-4.564885,-3.496183
201,4.167939,-4.564885,-3.496183
202,4.167939,-4.564885,-3.496183
203,4.229008,-4.580153,-3.221374
204,4.229008,-4.580153,-3.221374
205,4.229008,-4.580153,-3.221374
206,4.229008,-4.580153,-3.221374
207,4.229008,-4.580153,-3.221374
208,4.229008,-4.580153,-3.221374
209,4.229008,-4.580153,-3.221374
210,4.229008,-4.580153,-3.221374
211,4.427481,-4.641221,-3.267176
212,4.427481,-4.641221,-3.267176
213,4.427481,-4.641221,-3.267176
214,4.427481,-4.641221,-3.267176
215,4.427481,-4.641221,-3.267176
216,4.427481,-4.641221,-3.267176
217,4.427481,-4.641221,-3.267176
218,4.427481,-4.641221,-3.267176
219,4.290076,-4.519084,-3.190840
220,4.290076,-4.519084,-3.190840
221,4.290076,-4.519084,-3.190840
222,4.290076,-4.519084,-3.190840
223,4.290076,-4.519084,-3.190840
224,4.290076,-4.519084,-3.190840
225,4.290076,-4.519084,-3.190840
226,4.290076,-4.519084,-3.190840
227,4.320611,-4.732824,-3.206107
228,4.320611,-4.732824,-3.206107
229,4.320611,-4.732824,-3.206107
230,4.320611,-4.732824,-3.206107
231,4.320611,-4.732824,-3.206107
232,4.320611,-4.732824,-3.206107
233,4.320611,-4.732824,-3.206107
234,4.320611,-4.732824,-3.206107
235,4.305344,-4.595420,-3.358779
236,4.305344,-4.595420,-3.358779
237,4.305344,-4.595420,-3.358779
238,4.305344,-4.595420,-3.358779
239,4.305344,-4.595420,-3.358779
240,4.305344,-4.595420,-3.358779
241,4.305344,-4.595420,-3.358779
242,4.305344,-4.595420,-3.358779
243,4.320611,-4.534351,-3.251908
244,4.320611,-4.534351,-3.251908
245,4.320611,-4.534351,-3.251908
246,4.320611,-4.534351,-3.251908
247,4.320611,-4.534351,-3.251908
248,4.320611,-4.534351,-3.251908
249,4.320611,-4.534351,-3.251908
250,4.320611,-4.534351,-3.251908
251,4.320611,-4.534351,-3.251908
252,4.259542,-4.488550,-3.221374
253,4.259542,-4.488550,-3.221374
254,4.259542,-4.488550,-3.221374
255,4.259542,-4.488550,-3.221374
256,4.259542,-4.488550,-3.221374
257,4.259542,-4.488550,-3.221374
258,4.259542,-4.488550,-3.221374
259,4.259542,-4.488550,-3.221374
260,4.396947,-4.473282,-3.251908
261,4.396947,-4.473282,-3.251908
262,4.396947,-4.473282,-3.251908
263,4.396947,-4.473282,-3.251908
264,4.396947,-4.473282,-3.251908
265,4.396947,-4.473282,-3.251908
266,4.396947,-4.473282,-3.251908
267,4.396947,-4.473282,-3.251908
268,4.244275,-4.442748,-3.358779
269,4.244275,-4.442748,-3.358779
270,4.244275,-4.442748,-3.358779
271,4.244275,-4.442748,-3.358779
272,4.244275,-4.442748,-3.358779
273,4.244275,-4.442748,-3.358779
274,4.244275,-4.442748,-3.358779
275,4.244275,-4.442748,-3.358779
276,4.305344,-4.610687,-3.297710
277,4.305344,-4.610687,-3.297710
278,4.305344,-4.610687,-3.297710
279,4.305344,-4.610687,-3.297710
280,4.305344,-4.610687,-3.297710
281,4.305344,-4.610687,-3.297710
282,4.305344,-4.610687,-3.297710
283,4.305344,-4.610687,-3.297710
284,4.458015,-4.534351,-3.358779
285,4.458015,-4.534351,-3.358779
286,4.458015,-4.534351,-3.358779
287,4.458015,-4.534351,-3.358779
288,4.458015,-4.534351,-3.358779
289,4.458015,-4.534351,-3.358779
290,4.458015,-4.534351,-3.358779
291,4.458015,-4.534351,-3.358779
292,4.305344,-4.534351,-3.251908
293,4.305344,-4.534351,-3.251908
294,4.305344,-4.534351,-3.251908
295,4.305344,-4.534351,-3.251908
296,4.305344,-4.534351,-3.251908
297,4.305344,-4.534351,-3.251908
298,4.305344,-4.534351,-3.251908
299,4.305344,-4.534351,-3.251908
300,4.229008,-4.427481,-3.328244
301,4.229008,-4.427481,-3.328244
302,4.229008,-4.427481,-3.328244
303,4.229008,-4.427481,-3.328244
304,4.229008,-4.427481,-3.328244
305,4.229008,-4.427481,-3.328244
306,4.229008,-4.427481,-3.328244
307,4.229008,-4.427481,-3.328244
308,4.290076,-4.610687,-3.450382
309,4.290076,-4.610687,-3.450382
310,4.290076,-4.610687,-3.450382
311,4.290076,-4.610687,-3.450382
312,4.290076,-4.610687,-3.450382
313,4.290076,-4.610687,-3.450382
314,4.290076,-4.610687,-3.450382
315,4.290076,-4.610687,-3.450382
316,4.290076,-4.610687,-3.450382
317,4.442748,-4.671756,-3.496183
318,4.442748,-4.671756,-3.496183
319,4.442748,-4.671756,-3.496183
320,4.442748,-4.671756,-3.496183
321,4.442748,-4.671756,-3.496183
322,4.442748,-4.671756,-3.496183
323,4.442748,-4.671756,-3.496183
324,4.442748,-4.671756,-3.496183
325,4.274809,-4.671756,-3.312977
326,4.274809,-4.671756,-3.312977
327,4.274809,-4.671756,-3.312977
328,4.274809,-4.671756,-3.312977
329,4.274809,-4.671756,-3.312977
330,4.274809,-4.671756,-3.312977
331,4.274809,-4.671756,-3.312977
332,4.274809,-4.671756,-3.312977
333,4.229008,-4.595420,-3.282443
334,4.229008,-4.595420,-3.282443
335,4.229008,-4.595420,-3.282443
336,4.229008,-4.595420,-3.282443
337,4.229008,-4.595420,-3.282443
338,4.229008,-4.595420,-3.282443
339,4.229008,-4.595420,-3.282443
340,4.229008,-4.595420,-3.282443
341,4.351145,-4.427481,-3.419847
342,4.351145,-4.427481,-3.419847
343,4.351145,-4.427481,-3.419847
344,4.351145,-4.427481,-3.419847
345,4.351145,-4.427481,-3.419847
346,4.351145,-4.427481,-3.419847
347,4.351145,-4.427481,-3.419847
348,4.351145,-4.427481,-3.419847
349,4.427481,-4.351145,-3.328244
350,4.427481,-4.351145,-3.328244
351,4.427481,-4.351145,-3.328244
352,4.427481,-4.351145,-3.328244
353,4.427481,-4.351145,-3.328244
354,4.427481,-4.351145,-3.328244
355,4.427481,-4.351145,-3.328244
356,4.427481,-4.351145,-3.328244
357,4.274809,-4.549618,-3.374046
358,4.274809,-4.549618,-3.374046
359,4.274809,-4.549618,-3.374046
360,4.274809,-4.549618,-3.374046
361,4.274809,-4.549618,-3.374046
362,4.274809,-4.549618,-3.374046
363,4.274809,-4.549618,-3.374046
364,4.274809,-4.549618,-3.374046
365,4.290076,-4.396947,-3.435115
366,4.290076,-4.396947,-3.435115
367,4.290076,-4.396947,-3.435115
368,4.290076,-4.396947,-3.435115
369,4.290076,-4.396947,-3.435115
370,4.290076,-4.396947,-3.435115
371,4.290076,-4.396947,-3.435115
372,4.290076,-4.396947,-3.435115
373,4.290076,-4.396947,-3.435115
374,4.351145,-4.519084,-3.404580
375,4.351145,-4.519084,-3.404580
376,4.351145,-4.519084,-3.404580
377,4.351145,-4.519084,-3.404580
378,4.351145,-4.519084,-3.404580
379,4.351145,-4.519084,-3.404580
380,4.351145,-4.519084,-3.404580
381,4.351145,-4.519084,-3.404580
382,4.274809,-4.656489,-3.404580
383,4.274809,-4.656489,-3.404580
384,4.274809,-4.656489,-3.404580
385,4.274809,-4.656489,-3.404580
386,4.274809,-4.656489,-3.404580
387,4.274809,-4.656489,-3.404580
388,4.274809,-4.656489,-3.404580
389,4.274809,-4.656489,-3.404580
390,4.335878,-4.458015,-3.236641
391,4.335878,-4.458015,-3.236641
392,4.335878,-4.458015,-3.236641
393,4.335878,-4.458015,-3.236641
394,4.335878,-4.458015,-3.236641
395,4.335878,-4.458015,-3.236641
396,4.335878,-4.458015,-3.236641
397,4.335878,-4.458015,-3.236641
398,4.381679,-4.473282,-3.175573
399,4.381679,-4.473282,-3.175573
400,4.381679,-4.473282,-3.175573
401,4.381679,-4.473282,-3.175573
402,4.381679,-4.473282,-3.175573
403,4.381679,-4.473282,-3.175573
404,4.381679,-4.473282,-3.175573
405,4.381679,-4.473282,-3.175573
406,4.381679,-4.427481,-3.374046
407,4.381679,-4.427481,-3.374046
408,4.381679,-4.427481,-3.374046
409,4.381679,-4.427481,-3.374046
410,4.381679,-4.427481,-3.374046
411,4.381679,-4.427481,-3.374046
412,4.381679,-4.427481,-3.374046
413,4.381679,-4.427481,-3.374046
414,4.213740,-4.458015,-3.343511
415,4.213740,-4.458015,-3.343511
416,4.213740,-4.458015,-3.343511
417,4.213740,-4.458015,-3.343511
418,4.213740,-4.458015,-3.343511
419,4.213740,-4.458015,-3.343511
420,4.213740,-4.458015,-3.343511
421,4.213740,-4.458015,-3.343511
422,4.351145,-4.488550,-3.267176
423,4.351145,-4.488550,-3.267176
424,4.351145,-4.488550,-3.267176
425,4.351145,-4.488550,-3.267176
426,4.351145,-4.488550,-3.267176
427,4.351145,-4.488550,-3.267176
428,4.351145,-4.488550,-3.267176
429,4.351145,-4.488550,-3.267176
430,4.351145,-4.488550,-3.267176
431,4.229008,-4.534351,-3.358779
432,4.229008,-4.534351,-3.358779
433,4.229008,-4.534351,-3.358779
434,4.229008,-4.534351,-3.358779
435,4.229008,-4.534351,-3.358779
436,4.229008,-4.534351,-3.358779
437,4.229008,-4.534351,-3.358779
438,4.229008,-4.534351,-3.358779
439,4.290076,-4.396947,-3.328244
440,4.290076,-4.396947,-3.328244
441,4.290076,-4.396947,-3.328244
442,4.290076,-4.396947,-3.328244
443,4.290076,-4.396947,-3.328244
444,4.290076,-4.396947,-3.328244
445,4.290076,-4.396947,-3.328244
446,4.290076,-4.396947,-3.328244
447,4.320611,-4.519084,-3.267176
448,4.320611,-4.519084,-3.267176
449,4.320611,-4.519084,-3.267176
450,4.320611,-4.519084,-3.267176
451,4.320611,-4.519084,-3.267176
452,4.320611,-4.519084,-3.267176
453,4.320611,-4.519084,-3.267176
454,4.320611,-4.519084,-3.267176
455,4.335878,-4.412214,-3.374046
456,4.335878,-4.412214,-3.374046
457,4.335878,-4.412214,-3.374046
458,4.335878,-4.412214,-3.374046
459,4.335878,-4.412214,-3.374046
460,4.335878,-4.412214,-3.374046
461,4.335878,-4.412214,-3.374046
462,4.335878,-4.412214,-3.374046
463,4.442748,-4.335878,-3.297710
464,4.442748,-4.335878,-3.297710
465,4.442748,-4.335878,-3.297710
466,4.442748,-4.335878,-3.297710
467,4.442748,-4.335878,-3.297710
468,4.442748,-4.335878,-3.297710
469,4.442748,-4.335878,-3.297710
470,4.442748,-4.335878,-3.297710
471,4.473282,-4.641221,-3.282443
472,4.473282,-4.641221,-3.282443
473,4.473282,-4.641221,-3.282443
474,4.473282,-4.641221,-3.282443
475,4.473282,-4.641221,-3.282443
476,4.473282,-4.641221,-3.282443
477,4.473282,-4.641221,-3.282443
478,4.473282,-4.641221,-3.282443
479,4.366412,-4.625954,-3.343511
480,4.366412,-4.625954,-3.343511
481,4.366412,-4.625954,-3.343511
482,4.366412,-4.625954,-3.343511
483,4.366412,-4.625954,-3.343511
484,4.366412,-4.625954,-3.343511
485,4.366412,-4.625954,-3.343511
486,4.366412,-4.625954,-3.343511
487,4.366412,-4.625954,-3.343511
488,4.290076,-4.549618,-3.221374
489,4.290076,-4.549618,-3.221374
490,4.290076,-4.549618,-3.221374
491,4.290076,-4.549618,-3.221374
492,4.290076,-4.549618,-3.221374
493,4.290076,-4.549618,-3.221374
494,4.290076,-4.549618,-3.221374
495,4.290076,-4.549618,-3.221374
496,4.381679,-4.473282,-3.389313
497,4.381679,-4.473282,-3.389313
498,4.381679,-4.473282,-3.389313
499,4.381679,-4.473282,-3.389313
500,4.381679,-4.473282,-3.389313
501,4.381679,-4.473282,-3.389313
502,4.381679,-4.473282,-3.389313
503,4.381679,-4.473282,-3.389313
504,4.244275,-4.534351,-3.251908
505,4.244275,-4.534351,-3.251908
506,4.244275,-4.534351,-3.251908
507,4.244275,-4.534351,-3.251908
508,4.244275,-4.534351,-3.251908
509,4.244275,-4.534351,-3.251908
510,4.244275,-4.534351,-3.251908
511,4.244275,-4.534351,-3.251908
512,4.244275,-4.564885,-3.389313
513,4.244275,-4.564885,-3.389313
514,4.244275,-4.564885,-3.389313
515,4.244275,-4.564885,-3.389313
516,4.244275,-4.564885,-3.389313
517,4.244275,-4.564885,-3.389313
518,4.244275,-4.564885,-3.389313
519,4.244275,-4.564885,-3.389313
520,4.320611,-4.580153,-3.450382
521,4.320611,-4.580153,-3.450382
522,4.320611,-4.580153,-3.450382
523,4.320611,-4.580153,-3.450382
524,4.320611,-4.580153,-3.450382
525,4.320611,-4.580153,-3.450382
526,4.320611,-4.580153,-3.450382
527,4.320611,-4.580153,-3.450382
528,4.229008,-4.610687,-3.343511
529,4.229008,-4.610687,-3.343511
530,4.229008,-4.610687,-3.343511
531,4.229008,-4.610687,-3.343511
532,4.229008,-4.610687,-3.343511
533,4.229008,-4.610687,-3.343511
534,4.229008,-4.610687,-3.343511
535,4.229008,-4.610687,-3.343511
536,4.351145,-4.381679,-3.221374
537,4.351145,-4.381679,-3.221374
538,4.351145,-4.381679,-3.221374
539,4.351145,-4.381679,-3.221374
540,4.351145,-4.381679,-3.221374
541,4.351145,-4.381679,-3.221374
542,4.351145,-4.381679,-3.221374
543,4.351145,-4.381679,-3.221374
544,4.351145,-4.381679,-3.221374
545,4.335878,-4.595420,-3.267176
546,4.335878,-4.595420,-3.267176
547,4.335878,-4.595420,-3.267176
548,4.335878,-4.595420,-3.267176
549,4.335878,-4.595420,-3.267176
550,4.335878,-4.595420,-3.267176
551,4.335878,-4.595420,-3.267176
552,4.335878,-4.595420,-3.267176
553,4.351145,-4.717557,-3.343511
554,4.351145,-4.717557,-3.343511
555,4.351145,-4.717557,-3.343511
556,4.351145,-4.717557,-3.343511
557,4.351145,-4.717557,-3.343511
558,4.351145,-4.717557,-3.343511
559,4.351145,-4.717557,-3.343511
560,4.351145,-4.717557,-3.343511
561,4.396947,-4.656489,-3.343511
562,4.396947,-4.656489,-3.343511
563,4.396947,-4.656489,-3.343511
564,4.396947,-4.656489,-3.343511
565,4.396947,-4.656489,-3.343511
566,4.396947,-4.656489,-3.343511
567,4.396947,-4.656489,-3.343511
568,4.396947,-4.656489,-3.343511
569,4.183206,-4.442748,-3.404580
570,4.183206,-4.442748,-3.404580
571,4.183206,-4.442748,-3.404580
572,4.183206,-4.442748,-3.404580
573,4.183206,-4.442748,-3.404580
574,4.183206,-4.442748,-3.404580
575,4.183206,-4.442748,-3.404580
576,4.183206,-4.442748,-3.404580
577,4.519084,-4.687023,-3.343511
578,4.519084,-4.687023,-3.343511
579,4.519084,-4.687023,-3.343511
580,4.519084,-4.687023,-3.343511
581,4.519084,-4.687023,-3.343511
582,4.519084,-4.687023,-3.343511
583,4.519084,-4.687023,-3.343511
584,4.519084,-4.687023,-3.343511
585,4.290076,-4.641221,-3.450382
586,4.290076,-4.641221,-3.450382
587,4.290076,-4.641221,-3.450382
588,4.290076,-4.641221,-3.450382
589,4.290076,-4.641221,-3.450382
590,4.290076,-4.641221,-3.450382
591,4.290076,-4.641221,-3.450382
592,4.290076,-4.641221,-3.450382
593,4.320611,-4.442748,-3.236641
594,4.320611,-4.442748,-3.236641
595,4.320611,-4.442748,-3.236641
596,4.320611,-4.442748,-3.236641
597,4.320611,-4.442748,-3.236641
598,4.320611,-4.442748,-3.236641
599,4.320611,-4.442748,-3.236641
600,4.320611,-4.442748,-3.236641
601,4.320611,-4.442748,-3.236641
602,4.396947,-4.412214,-3.312977
603,4.396947,-4.412214,-3.312977
604,4.396947,-4.412214,-3.312977
605,4.396947,-4.412214,-3.312977
606,4.396947,-4.412214,-3.312977
607,4.396947,-4.412214,-3.312977
608,4.396947,-4.412214,-3.312977
609,4.396947,-4.412214,-3.312977
610,4.412214,-4.503817,-3.374046
611,4.412214,-4.503817,-3.374046
612,4.412214,-4.503817,-3.374046
613,4.412214,-4.503817,-3.374046
614,4.412214,-4.503817,-3.374046
615,4.412214,-4.503817,-3.374046
616,4.412214,-4.503817,-3.374046
617,4.412214,-4.503817,-3.374046
618,4.335878,-4.396947,-3.267176
619,4.335878,-4.396947,-3.267176
620,4.335878,-4.396947,-3.267176
621,4.335878,-4.396947,-3.267176
622,4.335878,-4.396947,-3.267176
623,4.335878,-4.396947,-3.267176
624,4.335878,-4.396947,-3.267176
625,4.335878,-4.396947,-3.267176
626,4.351145,-4.488550,-3.236641
627,4.351145,-4.488550,-3.236641
628,4.351145,-4.488550,-3.236641
629,4.351145,-4.488550,-3.236641
630,4.351145,-4.488550,-3.236641
631,4.351145,-4.488550,-3.236641
632,4.351145,-4.488550,-3.236641
633,4.351145,-4.488550,-3.236641
634,4.320611,-4.427481,-3.328244
635,4.320611,-4.427481,-3.328244
636,4.320611,-4.427481,-3.328244
637,4.320611,-4.427481,-3.328244
638,4.320611,-4.427481,-3.328244
639,4.320611,-4.427481,-3.328244
640,4.320611,-4.427481,-3.328244
641,4.320611,-4.427481,-3.328244
642,4.198473,-4.488550,-3.419847
643,4.198473,-4.488550,-3.419847
644,4.198473,-4.488550,-3.419847
645,4.198473,-4.488550,-3.419847
646,4.198473,-4.488550,-3.419847
647,4.198473,-4.488550,-3.419847
648,4.198473,-4.488550,-3.419847
649,4.198473,-4.488550,-3.419847
650,4.290076,-4.412214,-3.404580
651,4.290076,-4.412214,-3.404580
652,4.290076,-4.412214,-3.404580
653,4.290076,-4.412214,-3.404580
654,4.290076,-4.412214,-3.404580
655,4.290076,-4.412214,-3.404580
656,4.290076,-4.412214,-3.404580
657,4.290076,-4.412214,-3.404580
658,4.290076,-4.412214,-3.404580
659,4.259542,-4.519084,-3.328244
660,4.259542,-4.519084,-3.328244
661,4.259542,-4.519084,-3.328244
662,4.259542,-4.519084,-3.328244
663,4.259542,-4.519084,-3.328244
664,4.259542,-4.519084,-3.328244
665,4.259542,-4.519084,-3.328244
666,4.259542,-4.519084,-3.328244
667,4.335878,-4.412214,-3.297710
668,4.335878,-4.412214,-3.297710
669,4.335878,-4.412214,-3.297710
670,4.335878,-4.412214,-3.297710
671,4.335878,-4.412214,-3.297710
672,4.335878,-4.412214,-3.297710
673,4.335878,-4.412214,-3.297710
674,4.335878,-4.412214,-3.297710
675,4.351145,-4.595420,-3.480916
676,4.351145,-4.595420,-3.480916
677,4.351145,-4.595420,-3.480916
678,4.351145,-4.595420,-3.480916
679,4.351145,-4.595420,-3.480916
680,4.351145,-4.595420,-3.480916
681,4.351145,-4.595420,-3.480916
682,4.351145,-4.595420,-3.480916
683,4.290076,-4.458015,-3.450382
684,4.290076,-4.458015,-3.450382
685,4.290076,-4.458015,-3.450382
686,4.290076,-4.458015,-3.450382
687,4.290076,-4.458015,-3.450382
688,4.290076,-4.458015,-3.450382
689,4.290076,-4.458015,-3.450382
690,4.290076,-4.458015,-3.450382
691,4.335878,-4.167939,-3.297710
692,4.335878,-4.167939,-3.297710
693,4.335878,-4.167939,-3.297710
694,4.335878,-4.167939,-3.297710
695,4.335878,-4.167939,-3.297710
696,4.335878,-4.167939,-3.297710
697,4.335878,-4.167939,-3.297710
698,4.335878,-4.167939,-3.297710
699,4.396947,-4.641221,-3.251908
700,4.396947,-4.641221,-3.251908
701,4.396947,-4.641221,-3.251908
702,4.396947,-4.641221,-3.251908
703,4.396947,-4.641221,-3.251908
704,4.396947,-4.641221,-3.251908
705,4.396947,-4.641221,-3.251908
706,4.396947,-4.641221,-3.251908
707,4.366412,-4.549618,-3.389313
708,4.366412,-4.549618,-3.389313
709,4.366412,-4.549618,-3.389313
710,4.366412,-4.549618,-3.389313
711,4.366412,-4.549618,-3.389313
712,4.366412,-4.549618,-3.389313
713,4.366412,-4.549618,-3.389313
714,4.366412,-4.549618,-3.389313
715,4.366412,-4.549618,-3.389313
716,4.244275,-4.519084,-3.297710
717,4.244275,-4.519084,-3.297710
718,4.244275,-4.519084,-3.297710
719,4.244275,-4.519084,-3.297710
720,4.244275,-4.519084,-3.297710
721,4.244275,-4.519084,-3.297710
722,4.244275,-4.519084,-3.297710
723,4.244275,-4.519084,-3.297710
724,4.198473,-4.274809,-3.267176
725,4.198473,-4.274809,-3.267176
726,4.198473,-4.274809,-3.267176
727,4.198473,-4.274809,-3.267176
728,4.198473,-4.274809,-3.267176
729,4.198473,-4.274809,-3.267176
730,4.198473,-4.274809,-3.267176
731,4.198473,-4.274809,-3.267176
732,4.305344,-4.656489,-3.374046
733,4.305344,-4.656489,-3.374046
734,4.305344,-4.656489,-3.374046
735,4.305344,-4.656489,-3.374046
736,4.305344,-4.656489,-3.374046
737,4.305344,-4.656489,-3.374046
738,4.305344,-4.656489,-3.374046
739,4.305344,-4.656489,-3.374046
740,4.305344,-4.458015,-3.343511
741,4.305344,-4.458015,-3.343511
742,4.305344,-4.458015,-3.343511
743,4.305344,-4.458015,-3.343511
744,4.305344,-4.458015,-3.343511
745,4.305344,-4.458015,-3.343511
746,4.305344,-4.458015,-3.343511
747,4.305344,-4.458015,-3.343511
748,4.290076,-4.442748,-3.236641
749,4.290076,-4.442748,-3.236641
750,4.290076,-4.442748,-3.236641
751,4.290076,-4.442748,-3.236641
752,4.290076,-4.442748,-3.236641
753,4.290076,-4.442748,-3.236641
754,4.290076,-4.442748,-3.236641
755,4.290076,-4.442748,-3.236641
756,4.366412,-4.458015,-3.282443
757,4.366412,-4.458015,-3.282443
758,4.366412,-4.458015,-3.282443
759,4.366412,-4.458015,-3.282443
760,4.366412,-4.458015,-3.282443
761,4.366412,-4.458015,-3.282443
762,4.366412,-4.458015,-3.282443
763,4.366412,-4.458015,-3.282443
764,4.564885,-4.519084,-3.374046
765,4.564885,-4.519084,-3.374046
766,4.564885,-4.519084,-3.374046
767,4.564885,-4.519084,-3.374046
768,4.564885,-4.519084,-3.374046
769,4.564885,-4.519084,-3.374046
770,4.564885,-4.519084,-3.374046
771,4.564885,-4.519084,-3.374046
772,4.564885,-4.519084,-3.374046
773,4.229008,-4.580153,-3.282443
774,4.229008,-4.580153,-3.282443
775,4.229008,-4.580153,-3.282443
776,4.229008,-4.580153,-3.282443
777,4.229008,-4.580153,-3.282443
778,4.229008,-4.580153,-3.282443
779,4.229008,-4.580153,-3.282443
780,4.229008,-4.580153,-3.282443
781,4.442748,-4.503817,-3.282443
782,4.442748,-4.503817,-3.282443
783,4.442748,-4.503817,-3.282443
784,4.442748,-4.503817,-3.282443
785,4.442748,-4.503817,-3.282443
786,4.442748,-4.503817,-3.282443
787,4.442748,-4.503817,-3.282443
788,4.442748,-4.503817,-3.282443
789,4.351145,-4.564885,-3.175573
790,4.351145,-4.564885,-3.175573
791,4.351145,-4.564885,-3.175573
792,4.351145,-4.564885,-3.175573
793,4.351145,-4.564885,-3.175573
794,4.351145,-4.564885,-3.175573
795,4.351145,-4.564885,-3.175573
796,4.351145,-4.564885,-3.175573
797,4.167939,-4.473282,-3.160305
798,4.167939,-4.473282,-3.160305
799,4.167939,-4.473282,-3.160305
800,4.167939,-4.473282,-3.160305
801,4.167939,-4.473282,-3.160305
802,4.167939,-4.473282,-3.160305
803,4.167939,-4.473282,-3.160305
804,4.167939,-4.473282,-3.160305
805,4.320611,-4.519084,-3.404580
806,4.320611,-4.519084,-3.404580
807,4.320611,-4.519084,-3.404580
808,4.320611,-4.519084,-3.404580
809,4.320611,-4.519084,-3.404580
810,4.320611,-4.519084,-3.404580
811,4.320611,-4.519084,-3.404580
812,4.320611,-4.519084,-3.404580
813,4.351145,-4.549618,-3.267176
814,4.351145,-4.549618,-3.267176
815,4.351145,-4.549618,-3.267176
816,4.351145,-4.549618,-3.267176
817,4.351145,-4.549618,-3.267176
818,4.351145,-4.549618,-3.267176
819,4.351145,-4.549618,-3.267176
820,4.351145,-4.549618,-3.267176
821,4.427481,-4.442748,-3.358779
822,4.427481,-4.442748,-3.358779
823,4.427481,-4.442748,-3.358779
824,4.427481,-4.442748,-3.358779
825,4.427481,-4.442748,-3.358779
826,4.427481,-4.442748,-3.358779
827,4.427481,-4.442748,-3.358779
828,4.427481,-4.442748,-3.358779
829,4.427481,-4.442748,-3.358779
830,4.335878,-4.488550,-3.312977
831,4.335878,-4.488550,-3.312977
832,4.335878,-4.488550,-3.312977
833,4.335878,-4.488550,-3.312977
834,4.335878,-4.488550,-3.312977
835,4.335878,-4.488550,-3.312977
836,4.335878,-4.488550,-3.312977
837,4.335878,-4.488550,-3.312977
838,4.442748,-4.488550,-3.282443
839,4.442748,-4.488550,-3.282443
840,4.442748,-4.488550,-3.282443
841,4.442748,-4.488550,-3.282443
842,4.442748,-4.488550,-3.282443
843,4.442748,-4.488550,-3.282443
844,4.442748,-4.488550,-3.282443
845,4.442748,-4.488550,-3.282443
846,4.335878,-4.335878,-3.328244
847,4.335878,-4.335878,-3.328244
848,4.335878,-4.335878,-3.328244
849,4.335878,-4.335878,-3.328244
850,4.335878,-4.335878,-3.328244
851,4.335878,-4.335878,-3.328244
852,4.335878,-4.335878,-3.328244
853,4.335878,-4.335878,-3.328244
854,4.381679,-4.488550,-3.175573
855,4.381679,-4.488550,-3.175573
856,4.381679,-4.488550,-3.175573
857,4.381679,-4.488550,-3.175573
858,4.381679,-4.488550,-3.175573
859,4.381679,-4.488550,-3.175573
860,4.381679,-4.488550,-3.175573
861,4.381679,-4.488550,-3.175573
862,4.412214,-4.641221,-3.374046
863,4.412214,-4.641221,-3.374046
864,4.412214,-4.641221,-3.374046
865,4.412214,-4.641221,-3.374046
866,4.412214,-4.641221,-3.374046
867,4.412214,-4.641221,-3.374046
868,4.412214,-4.641221,-3.374046
869,4.412214,-4.641221,-3.374046
870,4.442748,-4.412214,-3.374046
871,4.442748,-4.412214,-3.374046
872,4.442748,-4.412214,-3.374046
873,4.442748,-4.412214,-3.374046
874,4.442748,-4.412214,-3.374046
875,4.442748,-4.412214,-3.374046
876,4.442748,-4.412214,-3.374046
877,4.442748,-4.412214,-3.374046
878,4.366412,-4.396947,-3.267176
879,4.366412,-4.396947,-3.267176
880,4.366412,-4.396947,-3.267176
881,4.366412,-4.396947,-3.267176
882,4.366412,-4.396947,-3.267176
883,4.366412,-4.396947,-3.267176
884,4.366412,-4.396947,-3.267176
885,4.366412,-4.396947,-3.267176
886,4.366412,-4.396947,-3.267176
887,4.290076,-4.595420,-3.358779
888,4.290076,-4.595420,-3.358779
889,4.290076,-4.595420,-3.358779
890,4.290076,-4.595420,-3.358779
891,4.290076,-4.595420,-3.358779
892,4.290076,-4.595420,-3.358779
893,4.290076,-4.595420,-3.358779
894,4.290076,-4.595420,-3.358779
895,4.335878,-4.396947,-3.465649
896,4.335878,-4.396947,-3.465649
897,4.335878,-4.396947,-3.465649
898,4.335878,-4.396947,-3.465649
899,4.335878,-4.396947,-3.465649
900,4.335878,-4.396947,-3.465649
901,4.335878,-4.396947,-3.465649
902,4.335878,-4.396947,-3.465649
903,4.335878,-4.442748,-3.343511
904,4.335878,-4.442748,-3.343511
905,4.335878,-4.442748,-3.343511
906,4.335878,-4.442748,-3.343511
907,4.335878,-4.442748,-3.343511
908,4.335878,-4.442748,-3.343511
909,4.335878,-4.442748,-3.343511
910,4.335878,-4.442748,-3.343511
911,4.244275,-4.442748,-3.343511
912,4.244275,-4.442748,-3.343511
913,4.244275,-4.442748,-3.343511
914,4.244275,-4.442748,-3.343511
915,4.244275,-4.442748,-3.343511
916,4.244275,-4.442748,-3.343511
917,4.244275,-4.442748,-3.343511
918,4.244275,-4.442748,-3.343511
919,4.274809,-4.580153,-3.343511
920,4.274809,-4.580153,-3.343511
921,4.274809,-4.580153,-3.343511
922,4.274809,-4.580153,-3.343511
923,4.274809,-4.580153,-3.343511
924,4.274809,-4.580153,-3.343511
925,4.274809,-4.580153,-3.343511
926,4.274809,-4.580153,-3.343511
927,4.198473,-4.641221,-3.358779
928,4.198473,-4.641221,-3.358779
929,4.198473,-4.641221,-3.358779
930,4.198473,-4.641221,-3.358779
931,4.198473,-4.641221,-3.358779
932,4.198473,-4.641221,-3.358779
933,4.198473,-4.641221,-3.358779
934,4.198473,-4.641221,-3.358779
935,4.213740,-4.366412,-3.511450
936,4.213740,-4.366412,-3.511450
937,4.213740,-4.366412,-3.511450
938,4.213740,-4.366412,-3.511450
939,4.213740,-4.366412,-3.511450
940,4.213740,-4.366412,-3.511450
941,4.213740,-4.366412,-3.511450
942,4.213740,-4.366412,-3.511450
943,4.213740,-4.366412,-3.511450
944,4.274809,-4.503817,-3.480916
945,4.274809,-4.503817,-3.480916
946,4.274809,-4.503817,-3.480916
947,4.274809,-4.503817,-3.480916
948,4.274809,-4.503817,-3.480916
949,4.274809,-4.503817,-3.480916
950,4.274809,-4.503817,-3.480916
951,4.274809,-4.503817,-3.480916
952,4.305344,-4.610687,-3.251908
953,4.305344,-4.610687,-3.251908
954,4.305344,-4.610687,-3.251908
955,4.305344,-4.610687,-3.251908
956,4.305344,-4.610687,-3.251908
957,4.305344,-4.610687,-3.251908
958,4.305344,-4.610687,-3.251908
959,4.305344,-4.610687,-3.251908
960,4.229008,-4.595420,-3.312977
961,4.229008,-4.595420,-3.312977
962,4.229008,-4.595420,-3.312977
963,4.229008,-4.595420,-3.312977
964,4.229008,-4.595420,-3.312977
965,4.229008,-4.595420,-3.312977
966,4.229008,-4.595420,-3.312977
967,4.229008,-4.595420,-3.312977
968,4.351145,-4.412214,-3.267176
969,4.351145,-4.412214,-3.267176
970,4.351145,-4.412214,-3.267176
971,4.351145,-4.412214,-3.267176
972,4.351145,-4.412214,-3.267176
973,4.351145,-4.412214,-3.267176
974,4.351145,-4.412214,-3.267176
975,4.351145,-4.412214,-3.267176
976,4.244275,-4.564885,-3.328244
977,4.244275,-4.564885,-3.328244
978,4.244275,-4.564885,-3.328244
979,4.244275,-4.564885,-3.328244
980,4.244275,-4.564885,-3.328244
981,4.244275,-4.564885,-3.328244
982,4.244275,-4.564885,-3.328244
983,4.244275,-4.564885,-3.328244
984,4.290076,-4.519084,-3.267176
985,4.290076,-4.519084,-3.267176
986,4.290076,-4.519084,-3.267176
987,4.290076,-4.519084,-3.267176
988,4.290076,-4.519084,-3.267176
989,4.290076,-4.519084,-3.267176
990,4.290076,-4.519084,-3.267176
991,4.290076,-4.519084,-3.267176
992,4.213740,-4.442748,-3.358779
993,4.213740,-4.442748,-3.358779
994,4.213740,-4.442748,-3.358779
995,4.213740,-4.442748,-3.358779
996,4.213740,-4.442748,-3.358779
997,4.213740,-4.442748,-3.358779
998,4.213740,-4.442748,-3.358779
999,4.213740,-4.442748,-3.358779
1000,4.213740,-4.442748,-3.358779
1001,4.351145,-4.519084,-3.282443
1002,4.351145,-4.519084,-3.282443
1003,4.351145,-4.519084,-3.282443
1004,4.351145,-4.519084,-3.282443
1005,4.351145,-4.519084,-3.282443
1006,4.351145,-4.519084,-3.282443
1007,4.351145,-4.519084,-3.282443
1008,4.351145,-4.519084,-3.282443
1009,4.458015,-4.671756,-3.175573
1010,4.458015,-4.671756,-3.175573
1011,4.458015,-4.671756,-3.175573
1012,4.458015,-4.671756,-3.175573
1013,4.458015,-4.671756,-3.175573
1014,4.458015,-4.671756,-3.175573
1015,4.458015,-4.671756,-3.175573
1016,4.458015,-4.671756,-3.175573
1017,4.335878,-4.610687,-3.328244
1018,4.335878,-4.610687,-3.328244
1019,4.335878,-4.610687,-3.328244
1020,4.335878,-4.610687,-3.328244
1021,4.335878,-4.610687,-3.328244
1022,4.335878,-4.610687,-3.328244
1023,4.335878,-4.610687,-3.328244
1024,4.335878,-4.610687,-3.328244
1025,4.320611,-4.427481,-3.297710
1026,4.320611,-4.427481,-3.297710
1027,4.320611,-4.427481,-3.297710
1028,4.320611,-4.427481,-3.297710
1029,4.320611,-4.427481,-3.297710
1030,4.320611,-4.427481,-3.297710
1031,4.320611,-4.427481,-3.297710
1032,4.320611,-4.427481,-3.297710
1033,4.381679,-4.564885,-3.328244
1034,4.381679,-4.564885,-3.328244
1035,4.381679,-4.564885,-3.328244
1036,4.381679,-4.564885,-3.328244
1037,4.381679,-4.564885,-3.328244
1038,4.381679,-4.564885,-3.328244
1039,4.381679,-4.564885,-3.328244
1040,4.381679,-4.564885,-3.328244
1041,4.290076,-4.442748,-3.328244
1042,4.290076,-4.442748,-3.328244
1043,4.290076,-4.442748,-3.328244
1044,4.290076,-4.442748,-3.328244
1045,4.290076,-4.442748,-3.328244
1046,4.290076,-4.442748,-3.328244
1047,4.290076,-4.442748,-3.328244
1048,4.290076,-4.442748,-3.328244
1049,4.366412,-4.534351,-3.450382
1050,4.366412,-4.534351,-3.450382
1051,4.366412,-4.534351,-3.450382
1052,4.366412,-4.534351,-3.450382
1053,4.366412,-4.534351,-3.450382
1054,4.366412,-4.534351,-3.450382
1055,4.366412,-4.534351,-3.450382
1056,4.366412,-4.534351,-3.450382
1057,4.366412,-4.534351,-3.450382
1058,4.366412,-4.519084,-3.404580
1059,4.366412,-4.519084,-3.404580
1060,4.366412,-4.519084,-3.404580
1061,4.366412,-4.519084,-3.404580
1062,4.366412,-4.519084,-3.404580
1063,4.366412,-4.519084,-3.404580
1064,4.366412,-4.519084,-3.404580
1065,4.366412,-4.519084,-3.404580
1066,4.351145,-4.381679,-3.374046
1067,4.351145,-4.381679,-3.374046
1068,4.351145,-4.381679,-3.374046
1069,4.351145,-4.381679,-3.374046
1070,4.351145,-4.381679,-3.374046
1071,4.351145,-4.381679,-3.374046
1072,4.351145,-4.381679,-3.374046
1073,4.351145,-4.381679,-3.374046
1074,4.290076,-4.519084,-3.206107
1075,4.290076,-4.519084,-3.206107
1076,4.290076,-4.519084,-3.206107
1077,4.290076,-4.519084,-3.206107
1078,4.290076,-4.519084,-3.206107
1079,4.290076,-4.519084,-3.206107
1080,4.290076,-4.519084,-3.206107
1081,4.290076,-4.519084,-3.206107
1082,4.320611,-4.564885,-3.251908
1083,4.320611,-4.564885,-3.251908
1084,4.320611,-4.564885,-3.251908
1085,4.320611,-4.564885,-3.251908
1086,4.320611,-4.564885,-3.251908
1087,4.320611,-4.564885,-3.251908
1088,4.320611,-4.564885,-3.251908
1089,4.320611,-4.564885,-3.251908
1090,4.381679,-4.595420,-3.465649
1091,4.381679,-4.595420,-3.465649
1092,4.381679,-4.595420,-3.465649
1093,4.381679,-4.595420,-3.465649
1094,4.381679,-4.595420,-3.465649
1095,4.381679,-4.595420,-3.465649
1096,4.381679,-4.595420,-3.465649
1097,4.381679,-4.595420,-3.465649
1098,4.335878,-4.335878,-3.358779
1099,4.335878,-4.335878,-3.358779
1100,4.335878,-4.335878,-3.358779
1101,4.335878,-4.335878,-3.358779
1102,4.335878,-4.335878,-3.358779
1103,4.335878,-4.335878,-3.358779
1104,4.335878,-4.335878,-3.358779
1105,4.335878,-4.335878,-3.358779
1106,4.274809,-4.656489,-3.358779
1107,4.274809,-4.656489,-3.358779
1108,4.274809,-4.656489,-3.358779
1109,4.274809,-4.656489,-3.358779
1110,4.274809,-4.656489,-3.358779
1111,4.274809,-4.656489,-3.358779
1112,4.274809,-4.656489,-3.358779
1113,4.274809,-4.656489,-3.358779
1114,4.274809,-4.656489,-3.358779
1115,4.427481,-4.503817,-3.358779
1116,4.427481,-4.503817,-3.358779
1117,4.427481,-4.503817,-3.358779
1118,4.427481,-4.503817,-3.358779
1119,4.427481,-4.503817,-3.358779
1120,4.427481,-4.503817,-3.358779
1121,4.427481,-4.503817,-3.358779
1122,4.427481,-4.503817,-3.358779
1123,4.305344,-4.549618,-3.328244
1124,4.305344,-4.549618,-3.328244
1125,4.305344,-4.549618,-3.328244
1126,4.305344,-4.549618,-3.328244
1127,4.305344,-4.549618,-3.328244
1128,4.305344,-4.549618,-3.328244
1129,4.305344,-4.549618,-3.328244
1130,4.305344,-4.549618,-3.328244
1131,4.259542,-4.534351,-3.267176
1132,4.259542,-4.534351,-3.267176
1133,4.259542,-4.534351,-3.267176
1134,4.259542,-4.534351,-3.267176
1135,4.259542,-4.534351,-3.267176
1136,4.259542,-4.534351,-3.267176
1137,4.259542,-4.534351,-3.267176
1138,4.259542,-4.534351,-3.267176
1139,4.335878,-4.442748,-3.221374
1140,4.335878,-4.442748,-3.221374
1141,4.335878,-4.442748,-3.221374
1142,4.335878,-4.442748,-3.221374
1143,4.335878,-4.442748,-3.221374
1144,4.335878,-4.442748,-3.221374
1145,4.335878,-4.442748,-3.221374
1146,4.335878,-4.442748,-3.221374
1147,4.412214,-4.564885,-3.312977
1148,4.412214,-4.564885,-3.312977
1149,4.412214,-4.564885,-3.312977
1150,4.412214,-4.564885,-3.312977
1151,4.412214,-4.564885,-3.312977
1152,4.412214,-4.564885,-3.312977
1153,4.412214,-4.564885,-3.312977
1154,4.412214,-4.564885,-3.312977
1155,4.442748,-4.549618,-3.221374
1156,4.442748,-4.549618,-3.221374
1157,4.442748,-4.549618,-3.221374
1158,4.442748,-4.549618,-3.221374
1159,4.442748,-4.549618,-3.221374
1160,4.442748,-4.549618,-3.221374
1161,4.442748,-4.549618,-3.221374
1162,4.442748,-4.549618,-3.221374
1163,4.320611,-4.580153,-3.236641
1164,4.320611,-4.580153,-3.236641
1165,4.320611,-4.580153,-3.236641
1166,4.320611,-4.580153,-3.236641
1167,4.320611,-4.580153,-3.236641
1168,4.320611,-4.580153,-3.236641
1169,4.320611,-4.580153,-3.236641
1170,4.320611,-4.580153,-3.236641
1171,4.259542,-4.595420,-3.343511
1172,4.259542,-4.595420,-3.343511
1173,4.259542,-4.595420,-3.343511
1174,4.259542,-4.595420,-3.343511
1175,4.259542,-4.595420,-3.343511
1176,4.259542,-4.595420,-3.343511
1177,4.259542,-4.595420,-3.343511
1178,4.259542,-4.595420,-3.343511
1179,4.259542,-4.595420,-3.343511
1180,4.290076,-4.503817,-3.358779
1181,4.290076,-4.503817,-3.358779
1182,4.290076,-4.503817,-3.358779
1183,4.290076,-4.503817,-3.358779
1184,4.290076,-4.503817,-3.358779
1185,4.290076,-4.503817,-3.358779
1186,4.290076,-4.503817,-3.358779
1187,4.290076,-4.503817,-3.358779
1188,4.229008,-4.503817,-3.312977
1189,4.229008,-4.503817,-3.312977
1190,4.229008,-4.503817,-3.312977
1191,4.229008,-4.503817,-3.312977
1192,4.229008,-4.503817,-3.312977
1193,4.229008,-4.503817,-3.312977
1194,4.229008,-4.503817,-3.312977
1195,4.229008,-4.503817,-3.312977
1196,4.305344,-4.641221,-3.465649
1197,4.305344,-4.641221,-3.465649
1198,4.305344,-4.641221,-3.465649
1199,4.305344,-4.641221,-3.465649
1200,4.305344,-4.641221,-3.465649
1201,4.305344,-4.641221,-3.465649
1202,4.305344,-4.641221,-3.465649
1203,4.305344,-4.641221,-3.465649
1204,4.519084,-4.625954,-3.312977
1205,4.519084,-4.625954,-3.312977
1206,4.519084,-4.625954,-3.312977
1207,4.519084,-4.625954,-3.312977
1208,4.519084,-4.625954,-3.312977
1209,4.519084,-4.625954,-3.312977
1210,4.519084,-4.625954,-3.312977
1211,4.519084,-4.625954,-3.312977
1212,4.290076,-4.412214,-3.389313
1213,4.290076,-4.412214,-3.389313
1214,4.290076,-4.412214,-3.389313
1215,4.290076,-4.412214,-3.389313
1216,4.290076,-4.412214,-3.389313
1217,4.290076,-4.412214,-3.389313
1218,4.290076,-4.412214,-3.389313
1219,4.290076,-4.412214,-3.389313
1220,4.519084,-4.564885,-3.267176
1221,4.519084,-4.564885,-3.267176
1222,4.519084,-4.564885,-3.267176
1223,4.519084,-4.564885,-3.267176
1224,4.519084,-4.564885,-3.267176
1225,4.519084,-4.564885,-3.267176
1226,4.519084,-4.564885,-3.267176
1227,4.519084,-4.564885,-3.267176
1228,4.305344,-4.519084,-3.435115
1229,4.305344,-4.519084,-3.435115
1230,4.305344,-4.519084,-3.435115
1231,4.305344,-4.519084,-3.435115
1232,4.305344,-4.519084,-3.435115
1233,4.305344,-4.519084,-3.435115
1234,4.305344,-4.519084,-3.435115
1235,4.305344,-4.519084,-3.435115
1236,4.305344,-4.519084,-3.435115
1237,4.320611,-4.458015,-3.343511
1238,4.320611,-4.458015,-3.343511
1239,4.320611,-4.458015,-3.343511
1240,4.320611,-4.458015,-3.343511
1241,4.320611,-4.458015,-3.343511
1242,4.320611,-4.458015,-3.343511
1243,4.320611,-4.458015,-3.343511
1244,4.320611,-4.458015,-3.343511
1245,4.229008,-4.549618,-3.267176
1246,4.229008,-4.549618,-3.267176
1247,4.229008,-4.549618,-3.267176
1248,4.229008,-4.549618,-3.267176
1249,4.229008,-4.549618,-3.267176
1250,4.229008,-4.549618,-3.267176
1251,4.229008,-4.549618,-3.267176
1252,4.229008,-4.549618,-3.267176
1253,4.244275,-4.595420,-3.175573
1254,4.244275,-4.595420,-3.175573
1255,4.244275,-4.595420,-3.175573
1256,4.244275,-4.595420,-3.175573
1257,4.244275,-4.595420,-3.175573
1258,4.244275,-4.595420,-3.175573
1259,4.244275,-4.595420,-3.175573
1260,4.244275,-4.595420,-3.175573
1261,4.259542,-4.503817,-3.404580
1262,4.259542,-4.503817,-3.404580
1263,4.259542,-4.503817,-3.404580
1264,4.259542,-4.503817,-3.404580
1265,4.259542,-4.503817,-3.404580
1266,4.259542,-4.503817,-3.404580
1267,4.259542,-4.503817,-3.404580
1268,4.259542,-4.503817,-3.404580
1269,4.274809,-4.564885,-3.343511
1270,4.274809,-4.564885,-3.343511
1271,4.274809,-4.564885,-3.343511
1272,4.274809,-4.564885,-3.343511
1273,4.274809,-4.564885,-3.343511
1274,4.274809,-4.564885,-3.343511
1275,4.274809,-4.564885,-3.343511
1276,4.274809,-4.564885,-3.343511
1277,4.198473,-4.412214,-3.511450
1278,4.198473,-4.412214,-3.511450
1279,4.198473,-4.412214,-3.511450
1280,4.198473,-4.412214,-3.511450
1281,4.198473,-4.412214,-3.511450
1282,4.198473,-4.412214,-3.511450
1283,4.198473,-4.412214,-3.511450
1284,4.198473,-4.412214,-3.511450
1285,4.198473,-4.412214,-3.511450
1286,4.274809,-4.229008,-3.190840
1287,4.274809,-4.229008,-3.190840
1288,4.274809,-4.229008,-3.190840
1289,4.274809,-4.229008,-3.190840
1290,4.274809,-4.229008,-3.190840
1291,4.274809,-4.229008,-3.190840
1292,4.274809,-4.229008,-3.190840
1293,4.274809,-4.229008,-3.190840
1294,4.152672,-4.412214,-3.099237
1295,4.152672,-4.412214,-3.099237
1296,4.152672,-4.412214,-3.099237
1297,4.152672,-4.412214,-3.099237
1298,4.152672,-4.412214,-3.099237
1299,4.152672,-4.412214,-3.099237
1300,4.152672,-4.412214,-3.099237
1301,4.152672,-4.412214,-3.099237
1302,4.351145,-4.549618,-3.267176
1303,4.351145,-4.549618,-3.267176
1304,4.351145,-4.549618,-3.267176
1305,4.351145,-4.549618,-3.267176
1306,4.351145,-4.549618,-3.267176
1307,4.351145,-4.549618,-3.267176
1308,4.351145,-4.549618,-3.267176
1309,4.351145,-4.549618,-3.267176
1310,4.183206,-4.534351,-3.221374
1311,4.183206,-4.534351,-3.221374
1312,4.183206,-4.534351,-3.221374
1313,4.183206,-4.534351,-3.221374
1314,4.183206,-4.534351,-3.221374
1315,4.183206,-4.534351,-3.221374
1316,4.183206,-4.534351,-3.221374
1317,4.183206,-4.534351,-3.221374
1318,4.335878,-4.488550,-3.328244
1319,4.335878,-4.488550,-3.328244
1320,4.335878,-4.488550,-3.328244
1321,4.335878,-4.488550,-3.328244
1322,4.335878,-4.488550,-3.328244
1323,4.335878,-4.488550,-3.328244
1324,4.335878,-4.488550,-3.328244
1325,4.335878,-4.488550,-3.328244
1326,4.458015,-4.442748,-3.435115
1327,4.458015,-4.442748,-3.435115
1328,4.458015,-4.442748,-3.435115
1329,4.458015,-4.442748,-3.435115
1330,4.458015,-4.442748,-3.435115
1331,4.458015,-4.442748,-3.435115
1332,4.458015,-4.442748,-3.435115
1333,4.458015,-4.442748,-3.435115
1334,4.442748,-4.503817,-3.267176
1335,4.442748,-4.503817,-3.267176
1336,4.442748,-4.503817,-3.267176
1337,4.442748,-4.503817,-3.267176
1338,4.442748,-4.503817,-3.267176
1339,4.442748,-4.503817,-3.267176
1340,4.442748,-4.503817,-3.267176
1341,4.442748,-4.503817,-3.267176
1342,4.442748,-4.503817,-3.267176
1343,4.381679,-4.503817,-3.221374
1344,4.381679,-4.503817,-3.221374
1345,4.381679,-4.503817,-3.221374
1346,4.381679,-4.503817,-3.221374
1347,4.381679,-4.503817,-3.221374
1348,4.381679,-4.503817,-3.221374
1349,4.381679,-4.503817,-3.221374
1350,4.381679,-4.503817,-3.221374
1351,4.458015,-4.412214,-3.343511
1352,4.458015,-4.412214,-3.343511
1353,4.458015,-4.412214,-3.343511
1354,4.458015,-4.412214,-3.343511
1355,4.458015,-4.412214,-3.343511
1356,4.458015,-4.412214,-3.343511
1357,4.458015,-4.412214,-3.343511
1358,4.458015,-4.412214,-3.343511
1359,4.335878,-4.595420,-3.450382
1360,4.335878,-4.595420,-3.450382
1361,4.335878,-4.595420,-3.450382
1362,4.335878,-4.595420,-3.450382
1363,4.335878,-4.595420,-3.450382
1364,4.335878,-4.595420,-3.450382
1365,4.335878,-4.595420,-3.450382
1366,4.335878,-4.595420,-3.450382
1367,4.259542,-4.366412,-3.297710
1368,4.259542,-4.366412,-3.297710
1369,4.259542,-4.366412,-3.297710
1370,4.259542,-4.366412,-3.297710
1371,4.259542,-4.366412,-3.297710
1372,4.259542,-4.366412,-3.297710
1373,4.259542,-4.366412,-3.297710
1374,4.259542,-4.366412,-3.297710
1375,4.198473,-4.458015,-3.221374
1376,4.198473,-4.458015,-3.221374
1377,4.198473,-4.458015,-3.221374
1378,4.198473,-4.458015,-3.221374
1379,4.198473,-4.458015,-3.221374
1380,4.198473,-4.458015,-3.221374
1381,4.198473,-4.458015,-3.221374
1382,4.198473,-4.458015,-3.221374
1383,4.274809,-4.442748,-3.328244
1384,4.274809,-4.442748,-3.328244
1385,4.274809,-4.442748,-3.328244
1386,4.274809,-4.442748,-3.328244
1387,4.274809,-4.442748,-3.328244
1388,4.274809,-4.442748,-3.328244
1389,4.274809,-4.442748,-3.328244
1390,4.274809,-4.442748,-3.328244
1391,4.290076,-4.534351,-3.190840
1392,4.290076,-4.534351,-3.190840
1393,4.290076,-4.534351,-3.190840
1394,4.290076,-4.534351,-3.190840
1395,4.290076,-4.534351,-3.190840
1396,4.290076,-4.534351,-3.190840
1397,4.290076,-4.534351,-3.190840
1398,4.290076,-4.534351,-3.190840
1399,4.290076,-4.534351,-3.190840
1400,4.198473,-4.519084,-3.450382
1401,4.198473,-4.519084,-3.450382
1402,4.198473,-4.519084,-3.450382
1403,4.198473,-4.519084,-3.450382
1404,4.198473,-4.519084,-3.450382
1405,4.198473,-4.519084,-3.450382
1406,4.198473,-4.519084,-3.450382
1407,4.198473,-4.519084,-3.450382
1408,4.244275,-4.534351,-3.435115
1409,4.244275,-4.534351,-3.435115
1410,4.244275,-4.534351,-3.435115
1411,4.244275,-4.534351,-3.435115
1412,4.244275,-4.534351,-3.435115
1413,4.244275,-4.534351,-3.435115
1414,4.244275,-4.534351,-3.435115
1415,4.244275,-4.534351,-3.435115
1416,4.305344,-4.396947,-3.297710
1417,4.305344,-4.396947,-3.297710
1418,4.305344,-4.396947,-3.297710
1419,4.305344,-4.396947,-3.297710
1420,4.305344,-4.396947,-3.297710
1421,4.305344,-4.396947,-3.297710
1422,4.305344,-4.396947,-3.297710
1423,4.305344,-4.396947,-3.297710
1424,4.259542,-4.412214,-3.267176
1425,4.259542,-4.412214,-3.267176
1426,4.259542,-4.412214,-3.267176
1427,4.259542,-4.412214,-3.267176
1428,4.259542,-4.412214,-3.267176
1429,4.259542,-4.412214,-3.267176
1430,4.259542,-4.412214,-3.267176
1431,4.259542,-4.412214,-3.267176
1432,4.396947,-4.580153,-3.175573
1433,4.396947,-4.580153,-3.175573
1434,4.396947,-4.580153,-3.175573
1435,4.396947,-4.580153,-3.175573
1436,4.396947,-4.580153,-3.175573
1437,4.396947,-4.580153,-3.175573
1438,4.396947,-4.580153,-3.175573
1439,4.396947,-4.580153,-3.175573
1440,4.366412,-4.519084,-3.419847
1441,4.366412,-4.519084,-3.419847
1442,4.366412,-4.519084,-3.419847
1443,4.366412,-4.519084,-3.419847
1444,4.366412,-4.519084,-3.419847
1445,4.366412,-4.519084,-3.419847
1446,4.366412,-4.519084,-3.419847
1447,4.366412,-4.519084,-3.419847
1448,4.458015,-4.580153,-3.221374
1449,4.458015,-4.580153,-3.221374
1450,4.458015,-4.580153,-3.221374
1451,4.458015,-4.580153,-3.221374
1452,4.458015,-4.580153,-3.221374
1453,4.458015,-4.580153,-3.221374
1454,4.458015,-4.580153,-3.221374
1455,4.458015,-4.580153,-3.221374
1456,4.458015,-4.580153,-3.221374
1457,4.335878,-4.488550,-3.450382
1458,4.335878,-4.488550,-3.450382
1459,4.335878,-4.488550,-3.450382
1460,4.335878,-4.488550,-3.450382
1461,4.335878,-4.488550,-3.450382
1462,4.335878,-4.488550,-3.450382
1463,4.335878,-4.488550,-3.450382
1464,4.335878,-4.488550,-3.450382
1465,4.351145,-4.381679,-3.129771
1466,4.351145,-4.381679,-3.129771
1467,4.351145,-4.381679,-3.129771
1468,4.351145,-4.381679,-3.129771
1469,4.351145,-4.381679,-3.129771
1470,4.351145,-4.381679,-3.129771
1471,4.351145,-4.381679,-3.129771
1472,4.351145,-4.381679,-3.129771
1473,4.320611,-4.519084,-3.389313
1474,4.320611,-4.519084,-3.389313
1475,4.320611,-4.519084,-3.389313
1476,4.320611,-4.519084,-3.389313
1477,4.320611,-4.519084,-3.389313
1478,4.320611,-4.519084,-3.389313
1479,4.320611,-4.519084,-3.389313
1480,4.320611,-4.519084,-3.389313
1481,4.213740,-4.534351,-3.251908
1482,4.213740,-4.534351,-3.251908
1483,4.213740,-4.534351,-3.251908
1484,4.213740,-4.534351,-3.251908
1485,4.213740,-4.534351,-3.251908
1486,4.213740,-4.534351,-3.251908
1487,4.213740,-4.534351,-3.251908
1488,4.213740,-4.534351,-3.251908
1489,4.274809,-4.458015,-3.419847
1490,4.274809,-4.458015,-3.419847
1491,4.274809,-4.458015,-3.419847
1492,4.274809,-4.458015,-3.419847
1493,4.274809,-4.458015,-3.419847
1494,4.274809,-4.458015,-3.419847
1495,4.274809,-4.458015,-3.419847
1496,4.274809,-4.458015,-3.419847
1497,4.183206,-4.412214,-3.374046
1498,4.183206,-4.412214,-3.374046
1499,4.183206,-4.412214,-3.374046
1500,4.183206,-4.412214,-3.374046
1501,4.183206,-4.412214,-3.374046
1502,4.183206,-4.412214,-3.374046
1503,4.183206,-4.412214,-3.374046
1504,4.183206,-4.412214,-3.374046
1505,4.167939,-4.427481,-3.190840
1506,4.167939,-4.427481,-3.190840
1507,4.167939,-4.427481,-3.190840
1508,4.167939,-4.427481,-3.190840
1509,4.167939,-4.427481,-3.190840
1510,4.167939,-4.427481,-3.190840
1511,4.167939,-4.427481,-3.190840
1512,4.167939,-4.427481,-3.190840
1513,4.167939,-4.427481,-3.190840
1514,4.351145,-4.519084,-3.389313
1515,4.351145,-4.519084,-3.389313
1516,4.351145,-4.519084,-3.389313
1517,4.351145,-4.519084,-3.389313
1518,4.351145,-4.519084,-3.389313
1519,4.351145,-4.519084,-3.389313
1520,4.351145,-4.519084,-3.389313
1521,4.351145,-4.519084,-3.389313
1522,4.366412,-4.580153,-3.251908
1523,4.366412,-4.580153,-3.251908
1524,4.366412,-4.580153,-3.251908
1525,4.366412,-4.580153,-3.251908
1526,4.366412,-4.580153,-3.251908
1527,4.366412,-4.580153,-3.251908
1528,4.366412,-4.580153,-3.251908
1529,4.366412,-4.580153,-3.251908
1530,4.305344,-4.656489,-3.358779
1531,4.305344,-4.656489,-3.358779
1532,4.305344,-4.656489,-3.358779
1533,4.305344,-4.656489,-3.358779
1534,4.305344,-4.656489,-3.358779
1535,4.305344,-4.656489,-3.358779
1536,4.305344,-4.656489,-3.358779
1537,4.305344,-4.656489,-3.358779
1538,4.503817,-4.580153,-3.282443
1539,4.503817,-4.580153,-3.282443
1540,4.503817,-4.580153,-3.282443
1541,4.503817,-4.580153,-3.282443
1542,4.503817,-4.580153,-3.282443
1543,4.503817,-4.580153,-3.282443
1544,4.503817,-4.580153,-3.282443
1545,4.503817,-4.580153,-3.282443
1546,4.320611,-4.442748,-3.374046
1547,4.320611,-4.442748,-3.374046
1548,4.320611,-4.442748,-3.374046
1549,4.320611,-4.442748,-3.374046
1550,4.320611,-4.442748,-3.374046
1551,4.320611,-4.442748,-3.374046
1552,4.320611,-4.442748,-3.374046
1553,4.320611,-4.442748,-3.374046
1554,4.290076,-4.534351,-3.450382
1555,4.290076,-4.534351,-3.450382
1556,4.290076,-4.534351,-3.450382
1557,4.290076,-4.534351,-3.450382
1558,4.290076,-4.534351,-3.450382
1559,4.290076,-4.534351,-3.450382
1560,4.290076,-4.534351,-3.450382
1561,4.290076,-4.534351,-3.450382
1562,4.167939,-4.534351,-3.419847
1563,4.167939,-4.534351,-3.419847
1564,4.167939,-4.534351,-3.419847
1565,4.167939,-4.534351,-3.419847
1566,4.167939,-4.534351,-3.419847
1567,4.167939,-4.534351,-3.419847
1568,4.167939,-4.534351,-3.419847
1569,4.167939,-4.534351,-3.419847
1570,4.167939,-4.534351,-3.419847
1571,4.320611,-4.534351,-3.389313
1572,4.320611,-4.534351,-3.389313
1573,4.320611,-4.534351,-3.389313
1574,4.320611,-4.534351,-3.389313
1575,4.320611,-4.534351,-3.389313
1576,4.320611,-4.534351,-3.389313
1577,4.320611,-4.534351,-3.389313
1578,4.320611,-4.534351,-3.389313
1579,4.458015,-4.473282,-3.328244
1580,4.458015,-4.473282,-3.328244
1581,4.458015,-4.473282,-3.328244
1582,4.458015,-4.473282,-3.328244
1583,4.458015,-4.473282,-3.328244
1584,4.458015,-4.473282,-3.328244
1585,4.458015,-4.473282,-3.328244
1586,4.458015,-4.473282,-3.328244
1587,4.290076,-4.412214,-3.312977
1588,4.290076,-4.412214,-3.312977
1589,4.290076,-4.412214,-3.312977
1590,4.290076,-4.412214,-3.312977
1591,4.290076,-4.412214,-3.312977
1592,4.290076,-4.412214,-3.312977
1593,4.290076,-4.412214,-3.312977
1594,4.290076,-4.412214,-3.312977
1595,4.259542,-4.519084,-3.175573
1596,4.259542,-4.519084,-3.175573
1597,4.259542,-4.519084,-3.175573
1598,4.259542,-4.519084,-3.175573
1599,4.259542,-4.519084,-3.175573
1600,4.259542,-4.519084,-3.175573
1601,4.259542,-4.519084,-3.175573
1602,4.259542,-4.519084,-3.175573
1603,4.320611,-4.412214,-3.465649
1604,4.320611,-4.412214,-3.465649
1605,4.320611,-4.412214,-3.465649
1606,4.320611,-4.412214,-3.465649
1607,4.320611,-4.412214,-3.465649
1608,4.320611,-4.412214,-3.465649
1609,4.320611,-4.412214,-3.465649
1610,4.320611,-4.412214,-3.465649
1611,4.259542,-4.488550,-3.389313
1612,4.259542,-4.488550,-3.389313
1613,4.259542,-4.488550,-3.389313
1614,4.259542,-4.488550,-3.389313
1615,4.259542,-4.488550,-3.389313
1616,4.259542,-4.488550,-3.389313
1617,4.259542,-4.488550,-3.389313
1618,4.259542,-4.488550,-3.389313
1619,4.320611,-4.427481,-3.419847
1620,4.320611,-4.427481,-3.419847
1621,4.320611,-4.427481,-3.419847
1622,4.320611,-4.427481,-3.419847
1623,4.320611,-4.427481,-3.419847
1624,4.320611,-4.427481,-3.419847
1625,4.320611,-4.427481,-3.419847
1626,4.320611,-4.427481,-3.419847
1627,4.320611,-4.427481,-3.419847
1628,4.259542,-4.473282,-3.267176
1629,4.259542,-4.473282,-3.267176
1630,4.259542,-4.473282,-3.267176
1631,4.259542,-4.473282,-3.267176
1632,4.259542,-4.473282,-3.267176
1633,4.259542,-4.473282,-3.267176
1634,4.259542,-4.473282,-3.267176
1635,4.259542,-4.473282,-3.267176
1636,4.290076,-4.580153,-3.328244
1637,4.290076,-4.580153,-3.328244
1638,4.290076,-4.580153,-3.328244
1639,4.290076,-4.580153,-3.328244
1640,4.290076,-4.580153,-3.328244
1641,4.290076,-4.580153,-3.328244
1642,4.290076,-4.580153,-3.328244
1643,4.290076,-4.580153,-3.328244
1644,4.213740,-4.412214,-3.465649
1645,4.213740,-4.412214,-3.465649
1646,4.213740,-4.412214,-3.465649
1647,4.213740,-4.412214,-3.465649
1648,4.213740,-4.412214,-3.465649
1649,4.213740,-4.412214,-3.465649
1650,4.213740,-4.412214,-3.465649
1651,4.213740,-4.412214,-3.465649
1652,4.198473,-4.381679,-3.267176
1653,4.198473,-4.381679,-3.267176
1654,4.198473,-4.381679,-3.267176
1655,4.198473,-4.381679,-3.267176
1656,4.198473,-4.381679,-3.267176
1657,4.198473,-4.381679,-3.267176
1658,4.198473,-4.381679,-3.267176
1659,4.198473,-4.381679,-3.267176
1660,4.167939,-4.458015,-3.374046
1661,4.167939,-4.458015,-3.374046
1662,4.167939,-4.458015,-3.374046
1663,4.167939,-4.458015,-3.374046
1664,4.167939,-4.458015,-3.374046
1665,4.167939,-4.458015,-3.374046
1666,4.167939,-4.458015,-3.374046
1667,4.167939,-4.458015,-3.374046
1668,4.305344,-4.412214,-3.282443
1669,4.305344,-4.412214,-3.282443
1670,4.305344,-4.412214,-3.282443
1671,4.305344,-4.412214,-3.282443
1672,4.305344,-4.412214,-3.282443
1673,4.305344,-4.412214,-3.282443
1674,4.305344,-4.412214,-3.282443
1675,4.305344,-4.412214,-3.282443
1676,4.183206,-4.641221,-3.358779
1677,4.183206,-4.641221,-3.358779
1678,4.183206,-4.641221,-3.358779
1679,4.183206,-4.641221,-3.358779
1680,4.183206,-4.641221,-3.358779
1681,4.183206,-4.641221,-3.358779
1682,4.183206,-4.641221,-3.358779
1683,4.183206,-4.641221,-3.358779
1684,4.183206,-4.641221,-3.358779
1685,4.290076,-4.488550,-3.404580
1686,4.290076,-4.488550,-3.404580
1687,4.290076,-4.488550,-3.404580
1688,4.290076,-4.488550,-3.404580
1689,4.290076,-4.488550,-3.404580
1690,4.290076,-4.488550,-3.404580
1691,4.290076,-4.488550,-3.404580
1692,4.290076,-4.488550,-3.404580
1693,4.259542,-4.625954,-3.450382
1694,4.259542,-4.625954,-3.450382
1695,4.259542,-4.625954,-3.450382
1696,4.259542,-4.625954,-3.450382
1697,4.259542,-4.625954,-3.450382
1698,4.259542,-4.625954,-3.450382
1699,4.259542,-4.625954,-3.450382
1700,4.259542,-4.625954,-3.450382
1701,4.335878,-4.595420,-3.267176
1702,4.335878,-4.595420,-3.267176
1703,4.335878,-4.595420,-3.267176
1704,4.335878,-4.595420,-3.267176
1705,4.335878,-4.595420,-3.267176
1706,4.335878,-4.595420,-3.267176
1707,4.335878,-4.595420,-3.267176
1708,4.335878,-4.595420,-3.267176
1709,4.381679,-4.473282,-3.404580
1710,4.381679,-4.473282,-3.404580
1711,4.381679,-4.473282,-3.404580
1712,4.381679,-4.473282,-3.404580
1713,4.381679,-4.473282,-3.404580
1714,4.381679,-4.473282,-3.404580
1715,4.381679,-4.473282,-3.404580
1716,4.381679,-4.473282,-3.404580
1717,4.274809,-4.274809,-3.496183
1718,4.274809,-4.274809,-3.496183
1719,4.274809,-4.274809,-3.496183
1720,4.274809,-4.274809,-3.496183
1721,4.274809,-4.274809,-3.496183
1722,4.274809,-4.274809,-3.496183
1723,4.274809,-4.274809,-3.496183
1724,4.274809,-4.274809,-3.496183
1725,4.229008,-4.580153,-3.358779
1726,4.229008,-4.580153,-3.358779
1727,4.229008,-4.580153,-3.358779
1728,4.229008,-4.580153,-3.358779
1729,4.229008,-4.580153,-3.358779
1730,4.229008,-4.580153,-3.358779
1731,4.229008,-4.580153,-3.358779
1732,4.229008,-4.580153,-3.358779
1733,4.229008,-4.580153,-3.358779
1734,4.335878,-4.625954,-3.312977
1735,4.335878,-4.625954,-3.312977
1736,4.335878,-4.625954,-3.312977
1737,4.335878,-4.625954,-3.312977
1738,4.335878,-4.625954,-3.312977
1739,4.335878,-4.625954,-3.312977
1740,4.335878,-4.625954,-3.312977
1741,4.335878,-4.625954,-3.312977
1742,4.274809,-4.595420,-3.404580
1743,4.274809,-4.595420,-3.404580
1744,4.274809,-4.595420,-3.404580
1745,4.274809,-4.595420,-3.404580
1746,4.274809,-4.595420,-3.404580
1747,4.274809,-4.595420,-3.404580
1748,4.274809,-4.595420,-3.404580
1749,4.274809,-4.595420,-3.404580
1750,4.290076,-4.610687,-3.358779
1751,4.290076,-4.610687,-3.358779
1752,4.290076,-4.610687,-3.358779
1753,4.290076,-4.610687,-3.358779
1754,4.290076,-4.610687,-3.358779
1755,4.290076,-4.610687,-3.358779
1756,4.290076,-4.610687,-3.358779
1757,4.290076,-4.610687,-3.358779
1758,4.381679,-4.549618,-3.328244
1759,4.381679,-4.549618,-3.328244
1760,4.381679,-4.549618,-3.328244
1761,4.381679,-4.549618,-3.328244
1762,4.381679,-4.549618,-3.328244
1763,4.381679,-4.549618,-3.328244
1764,4.381679,-4.549618,-3.328244
1765,4.381679,-4.549618,-3.328244
1766,4.244275,-4.580153,-3.404580
1767,4.244275,-4.580153,-3.404580
1768,4.244275,-4.580153,-3.404580
1769,4.244275,-4.580153,-3.404580
1770,4.244275,-4.580153,-3.404580
1771,4.244275,-4.580153,-3.404580
1772,4.244275,-4.580153,-3.404580
1773,4.244275,-4.580153,-3.404580
1774,4.259542,-4.549618,-3.267176
1775,4.259542,-4.549618,-3.267176
1776,4.259542,-4.549618,-3.267176
1777,4.259542,-4.549618,-3.267176
1778,4.259542,-4.549618,-3.267176
1779,4.259542,-4.549618,-3.267176
1780,4.259542,-4.549618,-3.267176
1781,4.259542,-4.549618,-3.267176
1782,4.305344,-4.625954,-3.190840
1783,4.305344,-4.625954,-3.190840
1784,4.305344,-4.625954,-3.190840
1785,4.305344,-4.625954,-3.190840
1786,4.305344,-4.625954,-3.190840
1787,4.305344,-4.625954,-3.190840
1788,4.305344,-4.625954,-3.190840
1789,4.305344,-4.625954,-3.190840
1790,4.305344,-4.625954,-3.190840
1791,4.335878,-4.396947,-3.312977
1792,4.335878,-4.396947,-3.312977
1793,4.335878,-4.396947,-3.312977
1794,4.335878,-4.396947,-3.312977
1795,4.335878,-4.396947,-3.312977
1796,4.335878,-4.396947,-3.312977
1797,4.335878,-4.396947,-3.312977
1798,4.335878,-4.396947,-3.312977
1799,4.366412,-4.366412,-3.328244
1800,4.366412,-4.366412,-3.328244
1801,4.366412,-4.366412,-3.328244
1802,4.366412,-4.366412,-3.328244
1803,4.366412,-4.366412,-3.328244
1804,4.366412,-4.366412,-3.328244
1805,4.366412,-4.366412,-3.328244
1806,4.366412,-4.366412,-3.328244
1807,4.290076,-4.412214,-3.221374
1808,4.290076,-4.412214,-3.221374
1809,4.290076,-4.412214,-3.221374
1810,4.290076,-4.412214,-3.221374
1811,4.290076,-4.412214,-3.221374
1812,4.290076,-4.412214,-3.221374
1813,4.290076,-4.412214,-3.221374
1814,4.290076,-4.412214,-3.221374
1815,4.427481,-4.549618,-3.358779
1816,4.427481,-4.549618,-3.358779
1817,4.427481,-4.549618,-3.358779
1818,4.427481,-4.549618,-3.358779
1819,4.427481,-4.549618,-3.358779
1820,4.427481,-4.549618,-3.358779
1821,4.427481,-4.549618,-3.358779
1822,4.427481,-4.549618,-3.358779
1823,4.244275,-4.671756,-3.343511
1824,4.244275,-4.671756,-3.343511
1825,4.244275,-4.671756,-3.343511
1826,4.244275,-4.671756,-3.343511
1827,4.244275,-4.671756,-3.343511
1828,4.244275,-4.671756,-3.343511
1829,4.244275,-4.671756,-3.343511
1830,4.244275,-4.671756,-3.343511
1831,4.198473,-4.549618,-3.129771
1832,4.198473,-4.549618,-3.129771
1833,4.198473,-4.549618,-3.129771
1834,4.198473,-4.549618,-3.129771
1835,4.198473,-4.549618,-3.129771
1836,4.198473,-4.549618,-3.129771
1837,4.198473,-4.549618,-3.129771
1838,4.198473,-4.549618,-3.129771
1839,4.290076,-4.503817,-3.236641
1840,4.290076,-4.503817,-3.236641
1841,4.290076,-4.503817,-3.236641
1842,4.290076,-4.503817,-3.236641
1843,4.290076,-4.503817,-3.236641
1844,4.290076,-4.503817,-3.236641
1845,4.290076,-4.503817,-3.236641
1846,4.290076,-4.503817,-3.236641
1847,4.290076,-4.503817,-3.236641
1848,4.381679,-4.503817,-3.221374
1849,4.381679,-4.503817,-3.221374
1850,4.381679,-4.503817,-3.221374
1851,4.381679,-4.503817,-3.221374
1852,4.381679,-4.503817,-3.221374
1853,4.381679,-4.503817,-3.221374
1854,4.381679,-4.503817,-3.221374
1855,4.381679,-4.503817,-3.221374
1856,4.259542,-4.702290,-3.297710
1857,4.259542,-4.702290,-3.297710
1858,4.259542,-4.702290,-3.297710
1859,4.259542,-4.702290,-3.297710
1860,4.259542,-4.702290,-3.297710
1861,4.259542,-4.702290,-3.297710
1862,4.259542,-4.702290,-3.297710
1863,4.259542,-4.702290,-3.297710
1864,4.152672,-4.564885,-3.328244
1865,4.152672,-4.564885,-3.328244
1866,4.152672,-4.564885,-3.328244
1867,4.152672,-4.564885,-3.328244
1868,4.152672,-4.564885,-3.328244
1869,4.152672,-4.564885,-3.328244
1870,4.152672,-4.564885,-3.328244
1871,4.152672,-4.564885,-3.328244
1872,4.305344,-4.778626,-3.190840
1873,4.305344,-4.778626,-3.190840
1874,4.305344,-4.778626,-3.190840
1875,4.305344,-4.778626,-3.190840
1876,4.305344,-4.778626,-3.190840
1877,4.305344,-4.778626,-3.190840
1878,4.305344,-4.778626,-3.190840
1879,4.305344,-4.778626,-3.190840
1880,4.305344,-4.488550,-3.221374
1881,4.305344,-4.488550,-3.221374
1882,4.305344,-4.488550,-3.221374
1883,4.305344,-4.488550,-3.221374
1884,4.305344,-4.488550,-3.221374
1885,4.305344,-4.488550,-3.221374
1886,4.305344,-4.488550,-3.221374
1887,4.305344,-4.488550,-3.221374
1888,4.458015,-4.488550,-3.267176
1889,4.458015,-4.488550,-3.267176
1890,4.458015,-4.488550,-3.267176
1891,4.458015,-4.488550,-3.267176
1892,4.458015,-4.488550,-3.267176
1893,4.458015,-4.488550,-3.267176
1894,4.458015,-4.488550,-3.267176
1895,4.458015,-4.488550,-3.267176
1896,4.351145,-4.610687,-3.389313
1897,4.351145,-4.610687,-3.389313
1898,4.351145,-4.610687,-3.389313
1899,4.351145,-4.610687,-3.389313
1900,4.351145,-4.610687,-3.389313
1901,4.351145,-4.610687,-3.389313
1902,4.351145,-4.610687,-3.389313
1903,4.351145,-4.610687,-3.389313
1904,4.351145,-4.610687,-3.389313
1905,4.167939,-4.625954,-3.450382
1906,4.167939,-4.625954,-3.450382
1907,4.167939,-4.625954,-3.450382
1908,4.167939,-4.625954,-3.450382
1909,4.167939,-4.625954,-3.450382
1910,4.167939,-4.625954,-3.450382
1911,4.167939,-4.625954,-3.450382
1912,4.167939,-4.625954,-3.450382
1913,4.381679,-4.641221,-3.267176
1914,4.381679,-4.641221,-3.267176
1915,4.381679,-4.641221,-3.267176
1916,4.381679,-4.641221,-3.267176
1917,4.381679,-4.641221,-3.267176
1918,4.381679,-4.641221,-3.267176
1919,4.381679,-4.641221,-3.267176
1920,4.381679,-4.641221,-3.267176
1921,4.290076,-4.458015,-3.190840
1922,4.290076,-4.458015,-3.190840
1923,4.290076,-4.458015,-3.190840
1924,4.290076,-4.458015,-3.190840
1925,4.290076,-4.458015,-3.190840
1926,4.290076,-4.458015,-3.190840
1927,4.290076,-4.458015,-3.190840
1928,4.290076,-4.458015,-3.190840
1929,4.396947,-4.503817,-3.114504
1930,4.396947,-4.503817,-3.114504
1931,4.396947,-4.503817,-3.114504
1932,4.396947,-4.503817,-3.114504
1933,4.396947,-4.503817,-3.114504
1934,4.396947,-4.503817,-3.114504
1935,4.396947,-4.503817,-3.114504
1936,4.396947,-4.503817,-3.114504
1937,4.305344,-4.580153,-3.190840
1938,4.305344,-4.580153,-3.190840
1939,4.305344,-4.580153,-3.190840
1940,4.305344,-4.580153,-3.190840
1941,4.305344,-4.580153,-3.190840
1942,4.305344,-4.580153,-3.190840
1943,4.305344,-4.580153,-3.190840
1944,4.305344,-4.580153,-3.190840
1945,4.396947,-4.473282,-3.328244
1946,4.396947,-4.473282,-3.328244
1947,4.396947,-4.473282,-3.328244
1948,4.396947,-4.473282,-3.328244
1949,4.396947,-4.473282,-3.328244
1950,4.396947,-4.473282,-3.328244
1951,4.396947,-4.473282,-3.328244
1952,4.396947,-4.473282,-3.328244
1953,4.152672,-4.473282,-3.419847
1954,4.152672,-4.473282,-3.419847
1955,4.152672,-4.473282,-3.419847
1956,4.152672,-4.473282,-3.419847
1957,4.152672,-4.473282,-3.419847
1958,4.152672,-4.473282,-3.419847
1959,4.152672,-4.473282,-3.419847
1960,4.152672,-4.473282,-3.419847
1961,4.152672,-4.473282,-3.419847
1962,4.351145,-4.503817,-3.374046
1963,4.351145,-4.503817,-3.374046
1964,4.351145,-4.503817,-3.374046
1965,4.351145,-4.503817,-3.374046
1966,4.351145,-4.503817,-3.374046
1967,4.351145,-4.503817,-3.374046
1968,4.351145,-4.503817,-3.374046
1969,4.351145,-4.503817,-3.374046
1970,4.320611,-4.656489,-3.328244
1971,4.320611,-4.656489,-3.328244
1972,4.320611,-4.656489,-3.328244
1973,4.320611,-4.656489,-3.328244
1974,4.320611,-4.656489,-3.328244
1975,4.320611,-4.656489,-3.328244
1976,4.320611,-4.656489,-3.328244
1977,4.320611,-4.656489,-3.328244
1978,4.427481,-4.641221,-3.312977
1979,4.427481,-4.641221,-3.312977
1980,4.427481,-4.641221,-3.312977
1981,4.427481,-4.641221,-3.312977
1982,4.427481,-4.641221,-3.312977
1983,4.427481,-4.641221,-3.312977
1984,4.427481,-4.641221,-3.312977
1985,4.427481,-4.641221,-3.312977
1986,4.244275,-4.519084,-3.404580
1987,4.244275,-4.519084,-3.404580
1988,4.244275,-4.519084,-3.404580
1989,4.244275,-4.519084,-3.404580
1990,4.244275,-4.519084,-3.404580
1991,4.244275,-4.519084,-3.404580
1992,4.244275,-4.519084,-3.404580
1993,4.244275,-4.519084,-3.404580
1994,4.335878,-4.519084,-3.450382
1995,4.335878,-4.519084,-3.450382
1996,4.335878,-4.519084,-3.450382
1997,4.335878,-4.519084,-3.450382
1998,4.335878,-4.519084,-3.450382
1999,4.335878,-4.519084,-3.450382
2000,4.335878,-4.519084,-3.450382